Date	Block	T1Herbage	T2Herbage	T3Herbage	T4Herbage	T5Herbage	T6Herbage	T7Herbage	T8Herbage	T9Herbage	T1CumHerbage	T2CumHerbage	T3CumHerbage	T4CumHerbage	T5CumHerbage	T6CumHerbage	T7CumHerbage	T8CumHerbage	T9CumHerbage	T1HerbageN	T2HerbageN	T3HerbageN	T4HerbageN	T5HerbageN	T6HerbageN	T7HerbageN	T8HerbageN	T9HerbageN	T1HarvestedN	T2HarvestedN	T3HarvestedN	T4HarvestedN	T5HarvestedN	T6HarvestedN	T7HarvestedN	T8HarvestedN	T9HarvestedN	T1CumHarvestedN	T2CumHarvestedN	T3CumHarvestedN	T4CumHarvestedN	T5CumHarvestedN	T6CumHarvestedN	T7CumHarvestedN	T8CumHarvestedN	T9CumHarvestedN	T1StandingDM	T2StandingDM	T3StandingDM	T4StandingDM	T5StandingDM	T6StandingDM	T7StandingDM	T8StandingDM	T9StandingDM
()	()	(kgha)	(kgha)	(kgha)	(kgha)	(kgha)	(kgha)	(kgha)	(kgha)	(kgha)	(kgha)	(kgha)	(kgha)	(kgha)	(kgha)	(kgha)	(kgha)	(kgha)	(kgha)	(%)	(%)	(%)	(%)	(%)	(%)	(%)	(%)	(%)	(kgha)	(kgha)	(kgha)	(kgha)	(kgha)	(kgha)	(kgha)	(kgha)	(kgha)	(kgha)	(kgha)	(kgha)	(kgha)	(kgha)	(kgha)	(kgha)	(kgha)	(kgha)	(kgha)	(kgha)	(kgha)	(kgha)	(kgha)	(kgha)	(kgha)	(kgha)	(kgha)
23/03/2011	1	658.892	1007.296	966.994	883.737	1425.169	1695.090	1595.394	2232.279	2060.994	658.892	1007.296	966.994	883.737	1425.169	1695.090	1595.394	2232.279	2060.994	3.004	2.730	2.660	2.300	2.945	2.363	2.993	2.872	2.943	19.796	27.498	25.718	20.330	41.976	40.047	47.754	64.108	60.647	19.796	27.498	25.718	20.330	41.976	40.047	47.754	64.108	60.647	2258.892	2607.296	2566.994	2483.737	3025.169	3295.090	3195.394	3832.279	3660.994
11/04/2011	1	511.205	509.084	458.706	532.417	597.643	712.187	609.310	907.866	911.048	1170.097	1516.380	1425.700	1416.154	2022.812	2407.277	2204.704	3140.145	2972.041	3.283	3.684	3.379	4.596	4.493	4.209	5.320	5.118	4.986	16.782	18.754	15.500	24.468	26.854	29.974	32.416	46.468	45.426	36.579	46.252	41.218	44.798	68.830	70.021	80.170	110.576	106.073	2111.205	2109.084	2058.706	2132.417	2197.643	2312.187	2209.310	2507.866	2511.048
29/04/2011	1	174.467	419.994	330.374	324.541	349.465	355.828	573.780	590.219	590.749	1344.564	1936.374	1756.074	1740.695	2372.277	2763.105	2778.483	3730.364	3562.790	4.043	3.890	3.878	4.184	3.835	3.929	4.455	4.127	4.001	7.053	16.339	12.810	13.579	13.401	13.980	25.562	24.361	23.635	43.632	62.591	54.029	58.376	82.231	84.001	105.731	134.937	129.709	1774.467	2019.994	1930.374	1924.541	1949.465	1955.828	2173.780	2190.219	2190.749
31/05/2011	1	418.668	1502.062	523.137	930.403	1272.444	1171.688	1218.354	1694.559	1471.305	1763.233	3438.436	2279.210	2671.099	3644.721	3934.793	3996.837	5424.923	5034.095	3.073	5.040	3.223	3.298	5.001	3.250	3.910	4.801	3.282	12.864	75.704	16.860	30.682	63.641	38.077	47.641	81.350	48.282	56.496	138.296	70.888	89.059	145.872	122.078	153.373	216.287	177.991	2018.668	3102.062	2123.137	2530.403	2872.444	2771.688	2818.354	3294.559	3071.305
27/06/2011	1	301.473	973.357	227.232	636.089	905.480	613.287	959.570	1064.568	931.464	2064.706	4411.794	2506.442	3307.188	4550.201	4548.080	4956.407	6489.491	5965.559	3.240	4.214	3.374	3.581	4.259	3.649	3.771	4.145	4.077	9.767	41.019	7.666	22.779	38.561	22.380	36.190	44.126	37.972	66.262	179.315	78.555	111.837	184.433	144.458	189.563	260.413	215.963	1901.473	2573.357	1827.232	2236.089	2505.480	2213.287	2559.570	2664.568	2531.464
28/07/2011	1	96.249	642.983	369.351	262.761	455.259	543.818	405.411	798.890	603.741	2160.954	5054.777	2875.793	3569.949	5005.459	5091.898	5361.818	7288.382	6569.301	3.128	3.914	2.959	3.448	4.156	3.341	4.110	3.800	3.528	3.011	25.169	10.929	9.060	18.920	18.168	16.662	30.354	21.299	69.273	204.484	89.484	120.897	203.353	162.627	206.225	290.767	237.262	1696.249	2242.983	1969.351	1862.761	2055.259	2143.818	2005.411	2398.890	2203.741
6/09/2011	1	139.733	1199.263	316.852	141.854	272.837	154.581	102.612	760.709	119.051	2300.687	6254.040	3192.644	3711.803	5278.296	5246.479	5464.430	8049.091	6688.352	2.454	3.795	4.958	3.197	4.193	5.497	3.906	4.487	5.359	3.430	45.510	15.710	4.536	11.441	8.498	4.008	34.136	6.380	72.703	249.993	105.194	125.433	214.794	171.124	210.233	324.903	243.642	1739.733	2799.263	1916.852	1741.854	1872.837	1754.581	1702.612	2360.709	1719.051
28/09/2011	1	292.193	1812.550	1870.352	370.146	978.926	1825.277	624.688	1245.134	1817.323	2592.880	8066.590	5062.996	4081.950	6257.222	7071.756	6089.118	9294.224	8505.675	2.440	3.335	5.619	2.565	3.954	5.588	3.203	3.736	5.736	7.130	60.447	105.094	9.495	38.705	101.995	20.012	46.522	104.234	79.833	310.440	210.288	134.928	253.499	273.119	230.245	371.426	347.876	1892.193	3412.550	3470.352	1970.146	2578.926	3425.277	2224.688	2845.134	3417.323
16/10/2011	1	70.794	1015.251	1730.619	672.680	1804.861	2059.403	1346.685	1865.845	2765.226	2663.674	9081.841	6793.616	4754.630	8062.083	9131.159	7435.804	11160.069	11270.901	3.094	3.456	4.995	3.125	3.979	5.147	3.200	3.891	4.978	2.190	35.086	86.444	21.020	71.810	105.989	43.099	72.595	137.645	82.023	345.525	296.732	155.948	325.310	379.109	273.344	444.021	485.521	1670.794	2615.251	3330.619	2272.680	3404.861	3659.403	2946.685	3465.845	4365.226
3/11/2011	1	285.564	903.358	2421.594	627.605	1526.456	2286.899	896.995	1821.300	2285.309	2949.239	9985.200	9215.210	5382.234	9588.538	11418.058	8332.799	12981.369	13556.210	2.489	2.480	4.634	2.506	3.222	4.152	2.443	2.977	4.336	7.108	22.400	112.211	15.725	49.177	94.947	21.917	54.226	99.086	89.131	367.925	408.943	171.673	374.487	474.055	295.262	498.247	584.607	1885.564	2503.358	4021.594	2227.605	3126.456	3886.899	2496.995	3421.300	3885.309
17/11/2011	1	231.739	342.571	908.927	363.783	489.463	803.928	450.751	687.793	871.806	3180.978	10327.770	10124.137	5746.017	10078.001	12221.986	8783.550	13669.162	14428.015	2.678	3.060	4.374	3.758	3.930	4.322	4.314	4.010	4.851	6.206	10.483	39.757	13.671	19.236	34.749	19.445	27.579	42.291	95.337	378.408	448.699	185.344	393.723	508.805	314.707	525.826	626.898	1831.739	1942.571	2508.927	1963.783	2089.463	2403.928	2050.751	2287.793	2471.806
5/12/2011	1	526.053	473.554	1569.144	632.643	786.428	1511.873	725.444	1189.983	1442.934	3707.031	10801.324	11693.281	6378.660	10864.429	13733.859	9508.994	14859.146	15870.949	2.465	2.270	3.877	2.186	2.718	3.621	2.651	2.778	3.832	12.968	10.748	60.832	13.830	21.376	54.746	19.229	33.056	55.290	108.306	389.157	509.532	199.174	415.098	563.550	333.935	558.882	682.188	2126.053	2073.554	3169.144	2232.643	2386.428	3111.873	2325.444	2789.983	3042.934
12/01/2012	1	701.979	1413.635	2175.140	1029.701	1437.499	2308.244	1594.996	1332.500	2208.018	4545.295	12505.562	14513.791	7762.598	12803.588	16696.487	11807.693	16680.048	19176.149	2.467	2.155	3.122	2.476	2.898	2.983	2.601	2.854	3.554	17.321	30.464	67.902	25.495	41.665	68.858	41.487	38.035	78.463	129.173	428.170	600.153	236.780	473.977	657.230	400.899	615.169	803.936	2301.979	3013.635	3775.140	2629.701	3037.499	3908.244	3194.996	2932.500	3808.018
7/02/2012	1	511.470	951.615	1976.146	565.030	861.995	2155.386	676.922	977.600	1753.422	5056.766	13457.177	16489.937	8327.628	13665.583	18851.873	12484.615	17657.648	20929.571	2.299	1.935	3.072	2.158	2.444	2.802	2.244	3.116	3.445	11.757	18.410	60.705	12.192	21.066	60.395	15.191	30.459	60.399	140.930	446.580	660.858	248.972	495.043	717.625	416.090	645.628	864.335	2111.470	2551.615	3576.146	2165.030	2461.995	3755.386	2276.922	2577.600	3353.422
13/03/2012	1	771.050	1505.509	1632.780	1172.483	997.486	1657.174	851.124	1763.233	1455.131	5827.815	14962.686	18122.717	9500.112	14663.069	20509.047	13335.739	19420.880	22384.702	2.139	1.940	2.302	2.457	2.593	3.056	2.938	2.994	3.360	16.490	29.207	37.595	28.804	25.863	50.644	25.005	52.796	48.895	157.419	475.787	698.453	277.776	520.906	768.269	441.096	698.424	913.230	2371.050	3105.509	3232.780	2772.483	2597.486	3257.174	2451.124	3363.233	3055.131
13/04/2012	1	647.358	577.359	517.436	861.067	629.328	1400.378	1004.247	1105.003	1566.360	6475.173	15540.045	18640.153	10361.179	15292.397	21909.425	14339.986	20525.884	23951.062	2.270	2.406	2.546	3.339	2.887	3.313	3.709	3.391	4.691	14.696	13.889	13.176	28.747	18.169	46.395	37.251	37.470	73.482	172.116	489.677	711.629	306.523	539.075	814.663	478.347	735.894	986.712	2247.358	2177.359	2117.436	2461.067	2229.328	3000.378	2604.247	2705.003	3166.360
17/05/2012	1	142.053	486.745	252.354	493.639	276.218	728.560	269.324	834.619	984.692	6617.226	16026.790	18892.507	10854.818	15568.615	22637.984	14609.310	21360.502	24935.755	3.189	3.197	2.854	3.787	4.023	4.024	4.295	4.256	4.287	4.531	15.561	7.203	18.694	11.111	29.318	11.569	35.519	42.212	176.647	505.238	718.832	325.217	550.186	843.982	489.915	771.413	1028.924	1742.053	2086.745	1852.354	2093.639	1876.218	2328.560	1869.324	2434.619	2584.692
2/07/2012	1	113.006	532.152	393.161	1482.123	1040.705	1676.688	797.564	1956.313	1928.314	6730.232	16558.942	19285.668	12336.941	16609.320	24314.673	15406.875	23316.816	26864.068	2.429	2.652	2.185	2.507	3.102	2.703	3.610	2.995	3.495	2.745	14.114	8.589	37.150	32.282	45.328	28.793	58.601	67.387	179.392	519.352	727.421	362.367	582.469	889.310	518.708	830.014	1096.311	1713.006	2132.152	1993.161	3082.123	2640.705	3276.688	2397.564	3556.313	3528.314
19/12/2011	1	136.286	290.602	645.370	354.237	501.660	654.385	703.702	488.402	1097.181	3843.317	11091.926	12338.651	6732.897	11366.089	14388.243	10212.696	15347.548	16968.131	2.602	2.942	3.520	3.419	3.432	3.793	3.620	3.737	3.945	3.546	8.549	22.719	12.111	17.214	24.821	25.477	18.252	43.285	111.852	397.706	532.251	211.285	432.313	588.372	359.412	577.134	725.472	1736.286	1890.602	2245.370	1954.237	2101.660	2254.385	2303.702	2088.402	2697.181
24/08/2012	1	431.395	490.258	421.320	570.863	599.499	1046.008	1455.396	977.069	1246.990	7161.628	17049.200	19706.988	12907.804	17208.819	25360.681	16862.271	24293.885	28111.058	0.000	0.000	0.000	0.000	0.000	0.000	0.000	0.000	0.000	0.000	0.000	0.000	0.000	0.000	0.000	0.000	0.000	0.000	0.000	0.000	0.000	0.000	0.000	0.000	0.000	0.000	0.000	2031.395	2090.258	2021.320	2170.863	2199.499	2646.008	3055.396	2577.069	2846.990
23/03/2011	2	846.617	802.602	791.996	1558.804	1226.839	1617.136	1822.361	1659.560	1681.832	846.617	802.602	791.996	1558.804	1226.839	1617.136	1822.361	1659.560	1681.832	2.813	2.618	2.554	2.882	2.768	2.773	2.867	3.074	2.727	23.816	21.014	20.224	44.932	33.962	44.844	52.252	51.011	45.866	23.816	21.014	20.224	44.932	33.962	44.844	52.252	51.011	45.866	2446.617	2402.602	2391.996	3158.804	2826.839	3217.136	3422.361	3259.560	3281.832
11/04/2011	2	557.341	505.372	453.403	902.563	636.885	749.838	933.850	883.472	853.776	1403.957	1307.974	1245.399	2461.367	1863.724	2366.974	2756.211	2543.032	2535.608	3.451	3.343	3.332	4.244	4.400	4.230	4.985	4.999	4.634	19.231	16.893	15.109	38.306	28.025	31.718	46.551	44.169	39.564	43.047	37.907	35.333	83.238	61.987	76.562	98.802	95.180	85.430	2157.341	2105.372	2053.403	2502.563	2236.885	2349.838	2533.850	2483.472	2453.776
29/04/2011	2	393.479	262.496	282.117	433.251	370.677	500.069	675.066	599.234	604.007	1797.437	1570.470	1527.516	2894.618	2234.400	2867.043	3431.277	3142.266	3139.615	3.563	3.642	3.558	3.627	3.946	3.850	3.694	3.895	3.629	14.019	9.559	10.039	15.716	14.625	19.250	24.940	23.339	21.919	57.066	47.466	45.372	98.953	76.612	95.812	123.742	118.518	107.349	1993.479	1862.496	1882.117	2033.251	1970.677	2100.069	2275.066	2199.234	2204.007
31/05/2011	2	499.273	1160.552	584.651	1019.493	1390.170	1207.218	1280.929	1797.967	1244.338	2296.710	2731.022	2112.167	3914.111	3624.570	4074.260	4712.206	4940.233	4383.953	3.128	5.306	2.895	2.998	4.753	3.041	3.990	4.845	3.543	15.618	61.580	16.927	30.559	66.070	36.711	51.109	87.118	44.085	72.684	109.046	62.299	129.512	142.683	132.523	174.852	205.637	151.434	2099.273	2760.552	2184.651	2619.493	2990.170	2807.218	2880.929	3397.967	2844.338
27/06/2011	2	194.884	682.225	245.792	559.727	849.799	650.407	760.179	1006.766	817.451	2491.594	3413.247	2357.959	4473.838	4474.368	4724.668	5472.385	5946.999	5201.404	3.339	4.391	3.142	3.766	3.891	3.734	4.261	4.346	3.979	6.508	29.960	7.722	21.080	33.064	24.283	32.393	43.753	32.528	79.192	139.006	70.022	150.592	175.746	156.807	207.244	249.390	183.962	1794.884	2282.225	1845.792	2159.727	2449.799	2250.407	2360.179	2606.766	2417.451
28/07/2011	2	253.746	893.813	246.853	229.353	454.198	668.968	465.865	621.771	375.714	2745.340	4307.060	2604.812	4703.191	4928.567	5393.636	5938.249	6568.771	5577.118	2.892	3.764	2.438	3.390	3.770	3.157	3.662	4.210	3.766	7.338	33.639	6.017	7.775	17.123	21.121	17.060	26.179	14.149	86.530	172.645	76.039	158.367	192.870	177.928	224.305	275.569	198.112	1853.746	2493.813	1846.853	1829.353	2054.198	2268.968	2065.865	2221.771	1975.714
6/09/2011	2	131.778	954.797	219.277	70.264	591.014	159.354	368.290	759.648	221.929	2877.118	5261.857	2824.089	4773.455	5519.581	5552.990	6306.539	7328.419	5799.047	2.458	3.595	5.166	2.978	3.845	5.331	3.777	4.056	5.354	3.239	34.330	11.328	2.092	22.725	8.495	13.910	30.813	11.881	89.769	206.975	87.367	160.459	215.595	186.423	238.215	306.381	209.993	1731.778	2554.797	1819.277	1670.264	2191.014	1759.354	1968.290	2359.648	1821.929
28/09/2011	2	229.618	1491.721	1921.791	663.400	1156.044	2939.958	1192.104	2096.258	2292.998	3106.736	6753.579	4745.880	5436.855	6675.625	8492.948	7498.644	9424.677	8092.044	2.457	3.650	5.492	2.391	3.650	5.162	2.661	3.779	5.001	5.642	54.451	105.545	15.860	42.192	151.749	31.719	79.226	114.663	95.411	261.426	192.912	176.319	257.787	338.172	269.933	385.607	324.656	1829.618	3091.721	3521.791	2263.400	2756.044	4539.958	2792.104	3696.258	3892.998
16/10/2011	2	250.034	887.980	1866.905	711.922	1303.201	1914.102	992.448	1443.199	1555.622	3356.771	7641.558	6612.785	6148.777	7978.826	10407.050	8491.092	10867.876	9647.666	2.907	4.048	4.923	3.230	3.999	5.078	3.540	4.013	5.219	7.268	35.949	91.900	22.997	52.115	97.207	35.132	57.922	81.181	102.679	297.375	284.812	199.317	309.902	435.379	305.066	443.530	405.837	1850.034	2487.980	3466.905	2311.922	2903.201	3514.102	2592.448	3043.199	3155.622
3/11/2011	2	327.988	1189.188	2351.595	610.105	1300.550	2530.305	731.543	1369.488	1993.116	3684.758	8830.746	8964.381	6758.882	9279.376	12937.355	9222.635	12237.365	11640.782	2.742	3.248	3.790	2.747	3.797	4.451	2.603	2.946	3.711	8.992	38.621	89.134	16.758	49.376	112.630	19.041	40.340	73.958	111.672	335.995	373.946	216.074	359.278	548.008	324.107	483.869	479.795	1927.988	2789.188	3951.595	2210.105	2900.550	4130.305	2331.543	2969.488	3593.116
17/11/2011	2	324.541	519.159	1016.046	346.283	766.277	827.261	563.704	581.204	855.367	4009.299	9349.905	9980.427	7105.165	10045.653	13764.616	9786.339	12818.568	12496.149	2.917	3.517	4.482	4.019	4.027	4.697	4.078	4.223	4.488	9.468	18.256	45.543	13.918	30.861	38.854	22.986	24.542	38.389	121.139	354.252	419.489	229.993	390.139	586.862	347.093	508.411	518.184	1924.541	2119.159	2616.046	1946.283	2366.277	2427.261	2163.704	2181.204	2455.367
5/12/2011	2	357.949	734.990	1469.449	701.581	983.168	1475.812	740.293	757.792	1341.648	4367.249	10084.895	11449.876	7806.746	11028.821	15240.428	10526.631	13576.361	13837.796	2.444	2.644	4.040	2.724	2.912	3.541	2.605	3.187	4.162	8.750	19.435	59.361	19.110	28.629	52.252	19.285	24.154	55.836	129.889	373.686	478.850	249.103	418.768	639.114	366.378	532.565	574.020	1957.949	2334.990	3069.449	2301.581	2583.168	3075.812	2340.293	2357.792	2941.648
12/01/2012	2	898.188	884.400	1582.269	1121.973	1417.878	1462.953	1572.724	1170.760	1281.592	5495.585	11259.367	14009.480	9281.365	12873.587	17433.598	12873.587	15446.050	15644.911	2.340	2.673	2.736	2.929	2.796	2.925	2.626	3.018	3.387	21.016	23.641	43.286	32.865	39.638	42.797	41.304	35.330	43.407	157.381	406.343	556.022	294.415	473.229	709.618	436.943	590.320	636.791	2498.188	2484.400	3182.269	2721.973	3017.878	3062.953	3172.724	2770.760	2881.592
7/02/2012	2	594.196	469.577	1763.498	881.616	1008.357	1735.922	794.118	892.753	1289.944	6089.781	11728.944	15772.977	10162.981	13881.944	19169.520	13667.704	16338.803	16934.855	2.245	2.265	3.086	2.226	2.092	3.007	0.570	2.059	3.454	13.340	10.634	54.418	19.627	21.095	52.195	4.525	18.382	44.557	170.720	416.977	610.440	314.042	494.324	761.813	441.468	608.702	681.348	2194.196	2069.577	3363.498	2481.616	2608.357	3335.922	2394.118	2492.753	2889.944
13/03/2012	2	1378.238	1290.209	1982.775	1303.997	1039.379	2420.269	1325.739	1731.945	2420.799	7468.019	13019.153	17755.752	11466.978	14921.323	21589.789	14993.443	18070.748	19355.654	2.031	1.712	2.311	2.567	2.481	3.097	3.334	2.739	3.180	27.992	22.086	45.831	33.474	25.788	74.949	44.205	47.436	76.984	198.712	439.063	656.271	347.516	520.112	836.762	485.673	656.138	758.332	2978.238	2890.209	3582.775	2903.997	2639.379	4020.269	2925.739	3331.945	4020.799
13/04/2012	2	470.770	629.859	668.570	802.205	739.630	1460.832	992.581	1101.291	1495.831	7938.789	13649.011	18424.322	12269.182	15660.952	23050.621	15986.024	19172.039	20851.485	2.591	2.249	2.843	3.502	2.948	3.435	3.890	3.906	3.545	12.197	14.165	19.011	28.095	21.804	50.173	38.614	43.013	53.022	210.909	453.228	675.282	375.611	541.916	886.935	524.287	699.151	811.354	2070.770	2229.859	2268.570	2402.205	2339.630	3060.832	2592.581	2701.291	3095.831
17/05/2012	2	306.975	305.384	439.549	766.741	633.637	1129.463	989.465	1090.221	1123.100	8245.764	13954.395	18863.871	13035.923	16294.589	24180.084	16975.489	20262.260	21974.585	3.198	3.337	2.842	3.697	3.589	3.775	4.066	4.173	4.313	9.818	10.189	12.491	28.343	22.743	42.642	40.230	45.494	48.439	220.727	463.417	687.772	403.954	564.659	929.577	564.516	744.645	859.793	1906.975	1905.384	2039.549	2366.741	2233.637	2729.463	2589.465	2690.221	2723.100
2/07/2012	2	324.488	395.707	362.934	1189.877	1088.325	1213.793	1690.476	2217.537	2275.710	8570.252	14350.102	19226.805	14225.800	17382.915	25393.877	18665.965	22479.797	24250.295	2.484	2.610	2.406	2.663	2.665	2.996	3.434	3.348	3.130	8.061	10.329	8.731	31.688	28.999	36.370	58.058	74.236	71.221	228.788	473.747	696.504	435.642	593.658	965.947	622.574	818.881	931.014	1924.488	1995.707	1962.934	2789.877	2688.325	2813.793	3290.476	3817.537	3875.710
19/12/2011	2	230.148	290.072	977.335	352.647	426.888	730.217	774.231	698.929	525.523	4597.397	10374.967	12427.210	8159.392	11455.709	15970.645	11300.863	14275.290	14363.319	2.814	3.108	3.467	3.530	3.472	3.794	3.779	3.209	3.685	6.476	9.015	33.885	12.448	14.822	27.706	29.260	22.426	19.363	136.365	382.702	512.735	261.550	433.590	666.821	395.638	554.991	593.383	1830.148	1890.072	2577.335	1952.647	2026.888	2330.217	2374.231	2298.929	2125.523
24/08/2012	2	306.246	505.637	256.928	399.578	592.075	648.817	1113.886	1114.416	1184.415	8876.497	14855.738	19483.734	14625.378	17974.990	26042.694	19779.851	23594.213	25434.710	0.000	0.000	0.000	0.000	0.000	0.000	0.000	0.000	0.000	0.000	0.000	0.000	0.000	0.000	0.000	0.000	0.000	0.000	0.000	0.000	0.000	0.000	0.000	0.000	0.000	0.000	0.000	1906.246	2105.637	1856.928	1999.578	2192.075	2248.817	2713.886	2714.416	2784.415
23/03/2011	3	1180.173	1163.203	1302.671	1438.957	1018.963	1915.693	1655.848	1533.880	1627.212	1180.173	1163.203	1302.671	1438.957	1018.963	1915.693	1655.848	1533.880	1627.212	2.797	2.517	2.075	3.220	2.847	2.735	3.033	2.962	3.040	33.011	29.276	27.033	46.330	29.009	52.392	50.216	45.436	49.462	33.011	29.276	27.033	46.330	29.009	52.392	50.216	45.436	49.462	2780.173	2763.203	2902.671	3038.957	2618.963	3515.693	3255.848	3133.880	3227.212
11/04/2011	3	592.340	657.566	512.796	722.793	622.037	583.325	818.246	740.823	811.352	1772.513	1820.770	1815.467	2161.750	1640.999	2499.018	2474.094	2274.703	2438.564	3.809	3.342	3.405	4.487	4.374	4.409	4.477	4.966	5.211	22.561	21.974	17.461	32.433	27.206	25.721	36.634	36.787	42.283	55.571	51.250	44.493	78.763	56.215	78.113	86.850	82.223	91.745	2192.340	2257.566	2112.796	2322.793	2222.037	2183.325	2418.246	2340.823	2411.352
29/04/2011	3	379.161	352.116	240.754	537.189	370.146	349.995	589.158	559.462	523.932	2151.674	2172.886	2056.221	2698.939	2011.146	2849.013	3063.252	2834.164	2962.496	4.064	4.026	4.014	4.095	3.910	4.264	4.245	3.988	4.090	15.410	14.176	9.664	21.999	14.474	14.923	25.011	22.310	21.431	70.981	65.426	54.157	100.762	70.689	93.036	111.861	104.532	113.176	1979.161	1952.116	1840.754	2137.189	1970.146	1949.995	2189.158	2159.462	2123.932
31/05/2011	3	678.513	1528.047	602.151	1189.718	1607.591	1136.158	1355.170	1408.730	1415.624	2830.187	3700.932	2658.371	3888.657	3618.737	3985.171	4418.422	4242.894	4378.120	3.179	4.962	3.195	3.555	4.877	3.604	3.487	4.981	3.665	21.571	75.828	19.241	42.289	78.403	40.946	47.255	70.172	51.886	92.552	141.253	73.398	143.051	149.091	133.982	159.116	174.704	165.062	2278.513	3128.047	2202.151	2789.718	3207.591	2736.158	2955.170	3008.730	3015.624
27/06/2011	3	386.851	911.843	442.532	720.937	1186.536	912.904	1014.720	971.236	1015.251	3217.038	4612.776	3100.903	4609.594	4805.273	4898.075	5433.143	5214.131	5393.371	3.394	3.997	3.205	3.893	4.107	3.628	3.395	4.498	4.122	13.131	36.445	14.183	28.066	48.726	33.123	34.450	43.682	41.852	105.683	177.698	87.581	171.117	197.817	167.105	193.565	218.386	206.914	1986.851	2511.843	2042.532	2320.937	2786.536	2512.904	2614.720	2571.236	2615.251
28/07/2011	3	289.276	757.527	287.685	246.853	586.242	427.683	299.352	759.118	478.061	3506.314	5370.303	3388.588	4856.446	5391.515	5325.758	5732.495	5973.249	5871.432	3.240	4.067	3.235	3.554	4.308	3.604	3.571	3.872	3.843	9.373	30.807	9.307	8.772	25.253	15.414	10.689	29.395	18.372	115.055	208.505	96.888	179.889	223.071	182.519	204.254	247.781	225.286	1889.276	2357.527	1887.685	1846.853	2186.242	2027.683	1899.352	2359.118	2078.061
6/09/2011	3	266.473	1444.260	304.655	255.337	849.268	280.791	323.745	853.511	501.925	3772.787	6814.563	3693.243	5111.784	6240.783	5606.549	6056.240	6826.759	6373.357	2.603	3.856	4.789	3.340	4.247	5.473	3.829	3.983	5.261	6.936	55.697	14.589	8.528	36.067	15.368	12.397	33.994	26.407	121.991	264.201	111.477	188.417	259.138	197.887	216.651	281.775	251.693	1866.473	3044.260	1904.655	1855.337	2449.268	1880.791	1923.745	2453.511	2101.925
28/09/2011	3	208.406	1485.358	1918.609	792.262	2545.418	2307.846	891.957	1787.626	2416.557	3981.194	8299.920	5611.852	5904.045	8786.201	7914.395	6948.197	8614.386	8789.913	2.314	3.624	5.328	2.472	3.589	5.370	2.910	2.843	5.327	4.823	53.828	102.232	19.581	91.353	123.934	25.958	50.820	128.733	126.814	318.029	213.709	207.998	350.491	321.821	242.608	332.596	380.426	1808.406	3085.358	3518.609	2392.262	4145.418	3907.846	2491.957	3387.626	4016.557
16/10/2011	3	228.823	1493.577	1843.042	636.089	1549.258	2368.035	990.327	1343.504	2305.990	4210.016	9793.498	7454.894	6540.135	10335.460	10282.430	7938.524	9957.889	11095.903	2.667	3.652	4.672	3.163	4.137	4.895	3.571	3.551	5.058	6.102	54.550	86.102	20.120	64.098	115.924	35.363	47.710	116.644	132.916	372.579	299.811	228.118	414.589	437.745	277.971	380.306	497.070	1828.823	3093.577	3443.042	2236.089	3149.258	3968.035	2590.327	2943.504	3905.990
3/11/2011	3	398.517	1349.337	2101.826	541.167	1421.987	2056.221	761.239	803.663	2143.189	4608.533	11142.835	9556.721	7081.301	11757.447	12338.651	8699.763	10761.552	13239.093	2.520	2.845	4.300	2.696	3.235	4.653	2.431	2.520	4.490	10.041	38.387	90.379	14.591	46.005	95.678	18.503	20.253	96.230	142.957	410.966	390.190	242.709	460.594	533.423	296.474	400.559	593.299	1998.517	2949.337	3701.826	2141.167	3021.987	3656.221	2361.239	2403.663	3743.189
17/11/2011	3	99.696	410.979	943.396	259.845	435.373	711.657	354.768	410.449	722.793	4708.229	11553.814	10500.116	7341.146	12192.820	13050.308	9054.531	11172.001	13961.886	2.962	3.324	3.994	3.869	3.915	4.651	4.080	3.763	4.556	2.953	13.661	37.677	10.052	17.043	33.097	14.475	15.446	32.928	145.911	424.627	427.867	252.761	477.637	566.520	310.949	416.005	626.227	1699.696	2010.979	2543.396	1859.845	2035.373	2311.657	1954.768	2010.449	2322.793
5/12/2011	3	524.993	785.368	1569.675	509.614	616.734	1218.619	631.582	1153.923	1249.907	5233.221	12339.181	12069.791	7850.760	12809.553	14268.927	9686.113	12325.924	15211.792	2.169	2.518	3.674	2.767	3.145	3.792	3.099	2.889	3.572	11.385	19.773	57.669	14.101	19.397	46.214	19.575	33.338	44.642	157.296	444.400	485.535	266.862	497.034	612.733	330.524	449.343	670.869	2124.993	2385.368	3169.675	2109.614	2216.734	2818.619	2231.582	2753.923	2849.907
12/01/2012	3	896.067	1046.671	1608.254	1264.622	909.324	1298.031	950.157	1080.610	2002.794	6380.118	13721.529	14277.809	9519.998	14294.779	16441.945	11318.230	13762.362	18011.090	2.393	2.353	2.965	3.026	2.960	3.302	3.021	2.885	3.578	21.438	24.625	47.688	38.270	26.916	42.858	28.705	31.172	71.657	186.042	478.816	553.450	319.156	542.871	687.225	383.726	493.643	773.376	2496.067	2646.671	3208.254	2864.622	2509.324	2898.031	2550.157	2680.610	3602.794
7/02/2012	3	509.349	988.736	1920.465	775.027	702.907	1619.788	690.710	725.709	2425.307	6889.467	14710.265	16198.274	10295.025	14997.685	18061.733	12008.940	14488.071	20436.396	1.770	1.850	2.800	2.587	1.905	3.216	2.678	1.993	3.046	9.018	18.294	53.764	20.047	13.389	52.096	18.497	14.462	73.871	195.060	497.110	607.215	339.203	556.260	739.321	402.222	508.105	847.247	2109.349	2588.736	3520.465	2375.027	2302.907	3219.788	2290.710	2325.709	4025.307
13/03/2012	3	971.501	1556.948	1960.503	1311.421	1142.787	1983.305	885.063	1285.967	2139.742	7860.968	16267.213	18158.777	11606.445	16140.472	20045.038	12894.003	15774.038	22576.139	2.000	2.094	2.223	2.215	2.318	2.617	3.198	2.535	3.491	19.426	32.604	43.580	29.042	26.493	51.910	28.304	32.604	74.695	214.486	529.714	650.795	368.244	582.753	791.231	430.527	540.709	921.942	2571.501	3156.948	3560.503	2911.421	2742.787	3583.305	2485.063	2885.967	3739.742
13/04/2012	3	451.149	549.784	555.087	987.278	950.687	1386.590	894.476	881.749	1462.422	8312.117	16816.997	18713.864	12593.723	17091.159	21431.628	13788.479	16655.787	24038.561	2.658	3.170	2.746	3.609	2.929	3.141	3.825	4.596	4.002	11.991	17.426	15.243	35.627	27.845	43.554	34.213	40.528	58.526	226.477	547.140	666.038	403.872	610.598	834.785	464.740	581.237	980.468	2051.149	2149.784	2155.087	2587.278	2550.687	2986.590	2494.476	2481.749	3062.422
17/05/2012	3	318.641	598.107	373.792	938.557	771.514	983.102	1419.005	1473.095	1877.710	8630.758	17415.104	19087.656	13532.280	17862.673	22414.730	15207.484	18128.882	25916.271	2.781	3.073	3.237	4.028	3.539	3.936	4.186	4.138	4.261	8.863	18.380	12.101	37.807	27.306	38.693	59.394	60.964	80.016	235.340	565.520	678.138	441.679	637.904	873.478	524.134	642.201	1060.484	1918.641	2198.107	1973.792	2538.557	2371.514	2583.102	3019.005	3073.095	3477.710
2/07/2012	3	326.397	645.158	489.145	1175.241	1037.629	1147.719	1100.787	1270.376	3074.123	8957.155	18060.261	19576.800	14707.521	18900.302	23562.449	16308.271	19399.257	28990.394	2.356	2.283	2.592	2.906	2.907	3.289	3.584	3.352	3.209	7.689	14.729	12.681	34.156	30.160	37.746	39.457	42.584	98.662	243.028	580.249	690.819	475.835	668.063	911.224	563.591	684.785	1159.146	1926.397	2245.158	2089.145	2775.241	2637.629	2747.719	2700.787	2870.376	4674.123
19/12/2011	3	250.830	335.677	599.764	404.615	575.901	874.988	681.960	355.828	796.504	5484.051	12674.858	12669.555	8255.376	13385.454	15143.914	10368.073	12681.752	16008.296	2.914	2.917	3.373	3.466	3.286	3.615	3.592	3.689	3.873	7.308	9.791	20.227	14.023	18.922	31.634	24.497	13.128	30.850	164.604	454.191	505.763	280.886	515.956	644.367	355.021	462.471	701.719	1850.830	1935.677	2199.764	2004.615	2175.901	2474.988	2281.960	1955.828	2396.504
24/08/2012	3	294.579	617.529	680.104	726.770	615.408	1168.506	987.675	983.433	1191.309	9251.735	18677.790	20256.904	15434.291	19515.710	24730.955	17295.946	20382.691	30181.703	0.000	0.000	0.000	0.000	0.000	0.000	0.000	0.000	0.000	0.000	0.000	0.000	0.000	0.000	0.000	0.000	0.000	0.000	0.000	0.000	0.000	0.000	0.000	0.000	0.000	0.000	0.000	1894.579	2217.529	2280.104	2326.770	2215.408	2768.506	2587.675	2583.433	2791.309
23/03/2011	4	1040.175	1239.566	1249.111	1599.636	1463.881	1239.035	1679.711	1799.028	1661.681	1040.175	1239.566	1249.111	1599.636	1463.881	1239.035	1679.711	1799.028	1661.681	2.621	2.878	2.592	2.665	2.346	3.284	3.264	2.855	3.183	27.259	35.673	32.380	42.632	34.339	40.693	54.827	51.353	52.893	27.259	35.673	32.380	42.632	34.339	40.693	54.827	51.353	52.893	2640.175	2839.566	2849.111	3199.636	3063.881	2839.035	3279.711	3399.028	3261.681
11/04/2011	4	399.313	599.764	454.463	654.385	575.901	678.248	873.927	854.306	827.261	1439.487	1839.330	1703.574	2254.021	2039.782	1917.283	2553.638	2653.334	2488.942	3.813	4.017	3.686	4.568	4.817	4.732	5.171	5.174	4.978	15.226	24.091	16.750	29.892	27.742	32.093	45.188	44.200	41.183	42.485	59.764	49.129	72.524	62.081	72.787	100.015	95.553	94.076	1999.313	2199.764	2054.463	2254.385	2175.901	2278.248	2473.927	2454.306	2427.261
29/04/2011	4	276.814	268.330	242.345	373.328	495.826	342.041	697.869	442.797	477.266	1716.301	2107.660	1945.919	2627.349	2535.608	2259.324	3251.507	3096.130	2966.208	3.859	4.356	3.841	4.312	4.197	4.159	4.118	4.271	4.306	10.682	11.689	9.310	16.099	20.808	14.225	28.741	18.912	20.550	53.167	71.453	58.439	88.623	82.889	87.012	128.756	114.465	114.626	1876.814	1868.330	1842.345	1973.328	2095.826	1942.041	2297.869	2042.797	2077.266
31/05/2011	4	568.742	1333.958	499.273	947.373	1876.451	1279.338	1555.092	1447.442	990.327	2285.043	3441.618	2445.193	3574.722	4412.059	3538.662	4806.599	4543.572	3956.535	3.157	4.948	3.307	3.327	4.805	3.222	3.485	4.422	3.813	17.956	66.000	16.509	31.524	90.156	41.220	54.188	64.001	37.765	71.123	137.453	74.948	120.147	173.045	128.232	182.944	178.466	152.391	2168.742	2933.958	2099.273	2547.373	3476.451	2879.338	3155.092	3047.442	2590.327
27/06/2011	4	131.778	876.313	274.958	458.440	1165.324	401.169	973.888	825.405	574.575	2416.822	4317.931	2720.151	4033.163	5577.383	3939.831	5780.486	5368.977	4531.110	3.469	4.063	3.487	3.785	4.221	3.784	3.928	4.328	3.944	4.572	35.604	9.587	17.351	49.183	15.182	38.253	35.724	22.660	75.695	173.057	84.535	137.498	222.227	143.414	221.197	214.191	175.051	1731.778	2476.313	1874.958	2058.440	2765.324	2001.169	2573.888	2425.405	2174.575
28/07/2011	4	302.003	861.995	208.671	320.033	948.434	432.456	426.623	686.468	495.031	2718.825	5179.927	2928.822	4353.196	6525.817	4372.287	6207.109	6055.445	5026.141	3.086	3.315	3.172	2.987	4.305	3.173	3.672	4.268	3.477	9.318	28.575	6.620	9.561	40.827	13.721	15.664	29.296	17.210	85.013	201.632	91.155	147.059	263.054	157.136	236.861	243.487	192.261	1902.003	2461.995	1808.671	1920.033	2548.434	2032.456	2026.623	2286.468	2095.031
6/09/2011	4	274.958	761.239	265.943	209.202	1396.533	269.125	562.378	1061.917	459.501	2993.783	5941.166	3194.765	4562.398	7922.350	4641.412	6769.487	7117.361	5485.642	2.319	3.775	5.097	3.089	3.735	4.536	4.083	4.398	4.788	6.376	28.734	13.554	6.462	52.158	12.207	22.965	46.700	22.001	91.389	230.366	104.710	153.520	315.212	169.343	259.826	290.187	214.262	1874.958	2361.239	1865.943	1809.202	2996.533	1869.125	2162.378	2661.917	2059.501
28/09/2011	4	147.422	1267.937	2109.516	311.283	1487.479	1393.086	777.413	1466.797	1500.736	3141.206	7209.102	5304.281	4873.681	9409.829	6034.498	7546.901	8584.159	6986.378	2.559	3.374	5.463	2.284	4.079	5.535	2.761	4.160	5.498	3.773	42.779	115.248	7.109	60.670	77.114	21.465	61.012	82.518	95.162	273.145	219.958	160.630	375.883	246.457	281.290	351.199	296.780	1747.422	2867.937	3709.516	1911.283	3087.479	2993.086	2377.413	3066.797	3100.736
16/10/2011	4	181.626	971.767	1732.741	797.299	1659.560	1873.799	1012.599	1703.044	1921.526	3322.832	8180.869	7037.022	5670.980	11069.389	7908.297	8559.500	10287.203	8907.904	2.516	3.707	5.021	2.346	3.345	5.190	3.597	4.509	4.907	4.569	36.026	86.995	18.703	55.514	97.259	36.419	76.783	94.280	99.731	309.171	306.953	179.332	431.397	343.715	317.710	427.982	391.060	1781.626	2571.767	3332.741	2397.299	3259.560	3473.799	2612.599	3303.044	3521.526
3/11/2011	4	172.081	1133.507	1821.830	514.652	1216.233	1656.378	626.014	1631.984	1785.770	3494.913	9314.376	8858.852	6185.632	12285.621	9564.675	9185.514	11919.187	10693.674	2.952	3.184	4.407	2.543	3.354	4.531	2.734	3.602	4.769	5.080	36.085	80.293	13.090	40.796	75.054	17.115	58.783	85.161	104.812	345.257	387.246	192.422	472.193	418.769	334.825	486.765	476.221	1772.081	2733.507	3421.830	2114.652	2816.233	3256.378	2226.014	3231.984	3385.770
17/11/2011	4	171.816	414.691	714.308	409.918	502.720	635.824	319.768	514.917	644.309	3666.728	9729.067	9573.160	6595.551	12788.342	10200.499	9505.282	12434.104	11337.983	3.162	3.194	4.493	3.485	3.960	4.722	3.962	4.034	4.624	5.434	13.244	32.091	14.287	19.909	30.021	12.670	20.773	29.793	110.245	358.500	419.337	206.710	492.102	448.790	347.495	507.538	506.014	1771.816	2014.691	2314.308	2009.918	2102.720	2235.824	1919.768	2114.917	2244.309
5/12/2011	4	256.663	473.554	1027.713	438.024	592.870	1407.404	587.567	731.278	1248.316	3923.391	10202.621	10600.873	7033.575	13381.212	11607.904	10092.849	13165.382	12586.299	2.799	2.533	3.958	2.592	2.907	3.638	2.993	3.276	4.241	7.184	11.996	40.674	11.354	17.232	51.203	17.588	23.959	52.943	117.429	370.496	460.011	218.063	509.335	499.993	365.083	531.497	558.957	1856.663	2073.554	2627.713	2038.024	2192.870	3007.404	2187.567	2331.278	2848.316
12/01/2012	4	1107.124	1014.853	1858.023	1169.699	1542.497	1749.843	1176.063	1362.727	1594.996	5325.360	11586.559	13456.912	8880.992	15679.380	14274.627	11933.373	15238.705	15056.283	2.452	2.747	3.245	2.643	3.009	2.956	3.111	3.164	3.476	27.148	27.877	60.292	30.916	46.418	51.734	36.592	43.119	55.440	155.410	409.409	559.220	270.063	582.137	584.307	426.387	599.638	647.855	2707.124	2614.853	3458.023	2769.699	3142.497	3349.843	2776.063	2962.727	3194.996
7/02/2012	4	726.770	720.937	1659.030	966.464	1027.448	1662.211	1246.460	1150.476	1744.407	6052.130	12307.496	15115.941	9847.455	16706.828	15936.839	13179.832	16389.181	16800.690	2.313	2.243	3.150	2.204	2.313	3.523	2.106	2.243	3.279	16.814	16.174	52.256	21.304	23.768	58.553	26.254	25.802	57.203	172.223	425.583	611.476	291.367	605.905	642.860	452.641	625.440	705.059	2326.770	2320.937	3259.030	2566.464	2627.448	3262.211	2846.460	2750.476	3344.407
13/03/2012	4	1020.289	1207.483	1228.164	764.686	1187.862	1635.431	1042.561	1213.846	2265.953	7072.419	13514.979	16344.106	10612.141	17894.690	17572.270	14222.393	17603.027	19066.643	1.969	1.816	2.621	2.862	2.551	3.082	3.310	2.717	3.170	20.086	21.923	32.192	21.888	30.300	50.407	34.513	32.983	71.840	192.309	447.506	643.668	313.255	636.205	693.268	487.155	658.423	776.898	2620.289	2807.483	2828.164	2364.686	2787.862	3235.431	2642.561	2813.846	3865.953
13/04/2012	4	484.027	586.905	748.645	484.027	925.233	854.174	790.008	1025.459	1132.048	7556.446	14101.884	17092.750	11096.169	18819.923	18426.444	15012.401	18628.486	20198.691	2.437	2.828	2.807	3.357	3.178	3.597	3.642	3.292	3.606	11.795	16.595	21.012	16.250	29.405	30.726	28.772	33.758	40.820	204.104	464.101	664.680	329.505	665.610	723.994	515.926	692.182	817.719	2084.027	2186.905	2348.645	2084.027	2525.233	2454.174	2390.008	2625.459	2732.048
17/05/2012	4	205.688	474.548	599.168	793.256	955.526	1276.885	1608.850	1147.493	1574.381	7762.134	14576.432	17691.918	11889.424	19775.449	19703.329	16621.251	19775.979	21773.072	2.699	3.212	2.816	4.207	3.589	3.878	4.388	4.072	4.085	5.552	15.244	16.872	33.369	34.292	49.512	70.598	46.720	64.309	209.657	479.344	681.552	362.874	699.902	773.506	586.524	738.902	882.028	1805.688	2074.548	2199.168	2393.256	2555.526	2876.885	3208.850	2747.493	3174.381
2/07/2012	4	225.853	512.319	433.304	1618.197	2501.457	2561.964	2064.016	1850.360	2038.827	7987.987	15088.750	18125.222	13507.621	22276.906	22265.293	18685.268	21626.340	23811.900	2.448	2.564	2.372	2.864	2.013	2.795	3.173	3.100	3.599	5.529	13.134	10.279	46.349	50.346	71.600	65.498	57.356	73.375	215.185	492.478	691.832	409.223	750.248	845.106	652.022	796.258	955.403	1825.853	2112.319	2033.304	3218.197	4101.457	4161.964	3664.016	3450.360	3638.827
19/12/2011	4	294.844	369.086	998.016	677.718	755.671	916.881	664.460	710.596	874.988	4218.236	10571.706	11598.889	7711.292	14136.883	12524.785	10757.310	13875.978	13461.287	3.674	2.990	3.899	3.111	3.491	3.553	3.719	3.521	3.824	10.833	11.036	38.917	21.084	26.384	32.580	24.712	25.021	33.458	128.262	381.532	498.928	239.147	535.719	532.573	389.795	556.519	592.415	1894.844	1969.086	2598.016	2277.718	2355.671	2516.881	2264.460	2310.596	2474.988
24/08/2012	4	422.911	607.454	483.364	657.832	412.835	758.057	986.615	831.238	1047.599	8410.898	15696.204	18608.587	14165.453	22689.741	23023.350	19671.882	22457.578	24859.498	0.000	0.000	0.000	0.000	0.000	0.000	0.000	0.000	0.000	0.000	0.000	0.000	0.000	0.000	0.000	0.000	0.000	0.000	0.000	0.000	0.000	0.000	0.000	0.000	0.000	0.000	0.000	2022.911	2207.454	2083.364	2257.832	2012.835	2358.057	2586.615	2431.238	2647.599
