Date	species	dorm_t	seed_dorm_time	germ_index	shoot_dm	seedl_dm	estab_dm	senc_dm	dead_dm	litter_dm	green_dm	dry_dm	leaf_dm	stem_dm	avail_dm	root_dm	seed_dm	rlv[1]	rlv[2]	rlv[3]	rlv[4]	rlv[5]	rlv[6]
		oC	d	d	kg/ha	kg/ha	kg/ha	kg/ha	kg/ha	kg/ha	kg/ha	kg/ha	kg/ha	kg/ha	kg/ha	kg/ha	kg/ha	mm/mm^3	mm/mm^3	mm/mm^3	mm/mm^3	mm/mm^3	mm/mm^3
1990-08-01	Perennial Ryegrass	-999.9	-1	0	3595.7	0.0	1596.7	0.0	1932.19	66.84	1596.69	1999	1297.26	2298.46	3196.55	398.61	0.0	0.033	0.012	0.005	0.002	0.001	0.000
1990-08-02	Perennial Ryegrass	-999.9	-1	0	3531.8	0.0	1600.5	0.0	1847.42	83.83	1600.54	1931	1272.04	2259.75	3130.82	400.34	0.0	0.033	0.012	0.006	0.002	0.001	0.000
1990-08-03	Perennial Ryegrass	-999.9	-1	0	3459.1	0.0	1612.6	0.0	1841.54	4.99	1612.59	1847	1245.78	2213.33	3056.11	407.29	0.0	0.034	0.013	0.006	0.002	0.001	0.000
1990-08-04	Perennial Ryegrass	-999.9	-1	0	3464.8	0.0	1624.1	0.0	1789.62	51.03	1624.14	1841	1250.99	2213.79	3061.92	413.84	0.0	0.034	0.013	0.006	0.002	0.001	0.000
1990-08-05	Perennial Ryegrass	-999.9	-1	0	3424.0	0.0	1635.3	0.0	1740.58	48.17	1635.29	1789	1237.88	2186.16	3021.30	420.06	0.0	0.035	0.013	0.006	0.002	0.001	0.000
1990-08-06	Perennial Ryegrass	-999.9	-1	0	3389.5	0.0	1649.7	0.0	1735.08	4.67	1649.71	1740	1228.30	2161.16	2985.93	428.24	0.0	0.035	0.013	0.006	0.003	0.001	0.000
1990-08-07	Perennial Ryegrass	-999.9	-1	0	3394.6	0.0	1657.9	0.0	1734.18	2.60	1657.87	1737	1233.16	2161.49	2992.67	434.01	0.0	0.036	0.013	0.006	0.003	0.001	0.000
1990-08-08	Perennial Ryegrass	-999.9	-1	0	3398.1	0.0	1664.8	0.0	1730.76	2.59	1664.78	1733	1236.37	2161.76	2996.46	437.42	0.0	0.036	0.014	0.006	0.003	0.001	0.000
1990-08-09	Perennial Ryegrass	-999.9	-1	0	3412.2	0.0	1682.3	0.0	1708.57	21.36	1682.28	1730	1246.41	2165.79	3008.00	447.25	0.0	0.037	0.014	0.006	0.003	0.001	0.000
1990-08-10	Perennial Ryegrass	-999.9	-1	0	3405.0	0.0	1697.3	0.0	1705.20	2.55	1697.26	1708	1247.70	2157.31	3001.45	455.42	0.0	0.038	0.014	0.006	0.003	0.001	0.000
1990-08-11	Perennial Ryegrass	-999.9	-1	0	3417.7	0.0	1705.5	0.0	1709.64	2.55	1705.55	1712	1256.85	2160.88	3015.78	464.16	0.0	0.038	0.015	0.006	0.003	0.001	0.000
1990-08-12	Perennial Ryegrass	-999.9	-1	0	3429.7	0.0	1720.9	0.0	1684.46	24.35	1720.86	1709	1265.51	2164.16	3026.08	472.28	0.0	0.039	0.015	0.007	0.003	0.001	0.000
1990-08-13	Perennial Ryegrass	-999.9	-1	0	3417.2	0.0	1733.5	0.0	1679.15	4.50	1733.51	1684	1264.19	2152.97	3014.22	478.77	0.0	0.039	0.015	0.007	0.003	0.001	0.000
1990-08-14	Perennial Ryegrass	-999.9	-1	0	3434.5	0.0	1756.2	0.0	1670.01	8.33	1756.18	1678	1276.86	2157.66	3029.29	491.00	0.0	0.040	0.015	0.007	0.003	0.001	0.000
1990-08-15	Perennial Ryegrass	-999.9	-1	0	3434.2	0.0	1765.0	0.0	1652.01	17.20	1765.02	1669	1279.19	2155.04	3032.22	495.14	0.0	0.041	0.016	0.007	0.003	0.001	0.000
1990-08-16	Perennial Ryegrass	-999.9	-1	0	3437.6	0.0	1783.9	0.0	1651.23	2.46	1783.95	1654	1286.29	2151.34	3033.34	506.40	0.0	0.042	0.016	0.007	0.003	0.001	0.000
1990-08-17	Perennial Ryegrass	-999.9	-1	0	3455.2	0.0	1799.8	0.0	1652.97	2.46	1799.82	1655	1298.57	2156.68	3051.69	517.20	0.0	0.042	0.016	0.007	0.003	0.001	0.000
1990-08-18	Perennial Ryegrass	-999.9	-1	0	3470.9	0.0	1816.8	0.0	1651.67	2.46	1816.78	1654	1309.59	2161.32	3067.14	526.76	0.0	0.043	0.017	0.007	0.003	0.001	0.000
1990-08-19	Perennial Ryegrass	-999.9	-1	0	3484.3	0.0	1830.7	0.0	1630.98	22.67	1830.68	1654	1319.16	2165.16	3081.26	534.97	0.0	0.044	0.017	0.007	0.003	0.001	0.000
1990-08-20	Perennial Ryegrass	-999.9	-1	0	3468.7	0.0	1838.4	0.0	1610.22	20.00	1838.44	1630	1315.49	2153.17	3066.97	538.23	0.0	0.044	0.017	0.008	0.003	0.001	0.000
1990-08-21	Perennial Ryegrass	-999.9	-1	0	3470.4	0.0	1860.9	0.0	1602.40	7.05	1860.95	1609	1322.33	2148.07	3065.50	549.51	0.0	0.045	0.017	0.008	0.003	0.001	0.000
1990-08-22	Perennial Ryegrass	-999.9	-1	0	3475.2	0.0	1873.5	0.0	1591.07	10.56	1873.52	1602	1327.60	2147.56	3072.45	555.30	0.0	0.045	0.018	0.008	0.003	0.001	0.000
1990-08-23	Perennial Ryegrass	-999.9	-1	0	3487.9	0.0	1897.1	0.0	1588.44	2.36	1897.07	1591	1338.95	2148.91	3082.84	567.23	0.0	0.046	0.018	0.008	0.003	0.001	0.000
1990-08-24	Perennial Ryegrass	-999.9	-1	0	3511.9	0.0	1924.2	0.0	1585.33	2.35	1924.19	1588	1355.30	2156.57	3106.15	580.67	0.0	0.047	0.019	0.008	0.003	0.001	0.000
1990-08-25	Perennial Ryegrass	-999.9	-1	0	3524.9	0.0	1940.4	0.0	1573.28	11.29	1940.37	1585	1364.62	2160.32	3121.58	588.16	0.0	0.048	0.019	0.008	0.003	0.001	0.000
1990-08-26	Perennial Ryegrass	-999.9	-1	0	3535.1	0.0	1962.5	0.0	1570.22	2.33	1962.54	1573	1374.54	2160.55	3130.51	598.77	0.0	0.049	0.019	0.008	0.004	0.001	0.000
1990-08-27	Perennial Ryegrass	-999.9	-1	0	3547.6	0.0	1978.1	0.0	1567.15	2.32	1978.10	1569	1383.47	2164.10	3144.40	605.81	0.0	0.049	0.019	0.009	0.004	0.001	0.000
1990-08-28	Perennial Ryegrass	-999.9	-1	0	3566.5	0.0	2000.1	0.0	1564.08	2.32	2000.10	1566	1396.54	2169.96	3162.05	616.16	0.0	0.050	0.020	0.009	0.004	0.001	0.000
1990-08-29	Perennial Ryegrass	-999.9	-1	0	3574.2	0.0	2010.9	0.0	1559.19	4.14	2010.86	1563	1402.39	2171.80	3172.04	620.59	0.0	0.050	0.020	0.009	0.004	0.001	0.000
1990-08-30	Perennial Ryegrass	-999.9	-1	0	3602.0	0.0	2043.5	0.0	1551.64	6.80	2043.54	1558	1421.65	2180.33	3195.48	636.32	0.0	0.052	0.021	0.009	0.004	0.001	0.000
1990-08-31	Perennial Ryegrass	-999.9	-1	0	3603.0	0.0	2052.1	0.0	1508.77	42.13	2052.09	1551	1424.46	2178.53	3201.32	639.48	0.0	0.052	0.021	0.009	0.004	0.001	0.000
1990-09-01	Perennial Ryegrass	-999.9	-1	0	3592.0	0.0	2084.0	0.0	1505.83	2.22	2083.97	1508	1429.51	2162.51	3185.81	654.59	0.0	0.053	0.021	0.009	0.004	0.001	0.000
1990-09-02	Perennial Ryegrass	-999.9	-1	0	3637.4	0.0	2132.3	0.0	1489.04	16.07	2132.31	1505	1459.52	2177.91	3228.15	677.93	0.0	0.055	0.022	0.010	0.004	0.001	0.000
1990-09-03	Perennial Ryegrass	-999.9	-1	0	3656.2	0.0	2167.9	0.0	1468.86	19.47	2167.88	1488	1476.42	2179.79	3249.54	694.49	0.0	0.056	0.023	0.010	0.004	0.001	0.000
1990-09-04	Perennial Ryegrass	-999.9	-1	0	3673.4	0.0	2205.3	0.0	1466.01	2.15	2205.26	1468	1493.31	2180.12	3266.53	711.80	0.0	0.057	0.023	0.010	0.004	0.001	0.000
1990-09-05	Perennial Ryegrass	-999.9	-1	0	3711.8	0.0	2246.4	0.0	1463.17	2.15	2246.45	1465	1518.75	2193.02	3304.29	730.82	0.0	0.059	0.024	0.010	0.004	0.001	0.000
1990-09-06	Perennial Ryegrass	-999.9	-1	0	3745.7	0.0	2283.2	0.0	1460.33	2.15	2283.20	1462	1541.33	2204.34	3339.12	747.45	0.0	0.060	0.024	0.011	0.004	0.001	0.000
1990-09-07	Perennial Ryegrass	-999.9	-1	0	3775.3	0.0	2315.7	0.0	1457.49	2.14	2315.67	1460	1561.18	2214.13	3369.62	761.83	0.0	0.061	0.025	0.011	0.005	0.001	0.000
1990-09-08	Perennial Ryegrass	-999.9	-1	0	3807.7	0.0	2350.9	0.0	1454.67	2.14	2350.88	1457	1582.76	2224.92	3401.60	777.44	0.0	0.062	0.026	0.011	0.005	0.001	0.000
1990-09-09	Perennial Ryegrass	-999.9	-1	0	3840.7	0.0	2386.7	0.0	1451.84	2.13	2386.68	1454	1604.72	2235.93	3434.56	793.21	0.0	0.064	0.026	0.011	0.005	0.001	0.000
1990-09-10	Perennial Ryegrass	-999.9	-1	0	3868.5	0.0	2417.3	0.0	1449.03	2.13	2417.34	1451	1623.39	2245.11	3463.36	806.37	0.0	0.065	0.027	0.012	0.005	0.001	0.000
1990-09-11	Perennial Ryegrass	-999.9	-1	0	3888.6	0.0	2440.3	0.0	1446.22	2.12	2440.28	1448	1637.13	2251.50	3484.83	815.72	0.0	0.065	0.027	0.012	0.005	0.001	0.000
1990-09-12	Perennial Ryegrass	-999.9	-1	0	3907.5	0.0	2462.0	0.0	1381.57	63.97	2461.98	1446	1650.06	2257.46	3503.96	824.43	0.0	0.066	0.027	0.012	0.005	0.002	0.000
1990-09-13	Perennial Ryegrass	-999.9	-1	0	3857.1	0.0	2476.2	0.0	1348.24	32.68	2476.17	1381	1636.74	2220.34	3454.78	829.53	0.0	0.066	0.027	0.012	0.005	0.002	0.000
1990-09-14	Perennial Ryegrass	-999.9	-1	0	3859.3	0.0	2511.7	0.0	1345.65	1.96	2511.68	1348	1648.21	2211.07	3453.54	844.79	0.0	0.067	0.028	0.012	0.005	0.002	0.000
1990-09-15	Perennial Ryegrass	-999.9	-1	0	3907.5	0.0	2562.5	0.0	1343.06	1.95	2562.50	1345	1679.83	2227.68	3499.42	867.24	0.0	0.069	0.029	0.012	0.005	0.002	0.000
1990-09-16	Perennial Ryegrass	-999.9	-1	0	3955.5	0.0	2613.1	0.0	1337.42	5.00	2613.11	1342	1711.30	2244.24	3547.64	889.40	0.0	0.071	0.030	0.013	0.005	0.002	0.000
1990-09-17	Perennial Ryegrass	-999.9	-1	0	3993.2	0.0	2656.4	0.0	1334.86	1.94	2656.38	1337	1737.06	2256.11	3586.55	907.92	0.0	0.072	0.030	0.013	0.005	0.002	0.000
1990-09-18	Perennial Ryegrass	-999.9	-1	0	4030.2	0.0	2696.0	0.0	1332.30	1.93	2696.01	1334	1761.52	2268.72	3624.27	924.60	0.0	0.074	0.031	0.013	0.006	0.002	0.000
1990-09-19	Perennial Ryegrass	-999.9	-1	0	4056.5	0.0	2724.8	0.0	1328.21	3.46	2724.81	1332	1779.06	2277.41	3652.20	936.11	0.0	0.074	0.031	0.013	0.006	0.002	0.000
1990-09-20	Perennial Ryegrass	-999.9	-1	0	4098.0	0.0	2770.5	0.0	1302.39	25.19	2770.46	1328	1806.84	2291.21	3691.35	955.41	0.0	0.076	0.032	0.014	0.006	0.002	0.000
1990-09-21	Perennial Ryegrass	-999.9	-1	0	4129.0	0.0	2827.2	0.0	1299.90	1.88	2827.20	1302	1834.48	2294.50	3720.79	979.70	0.0	0.078	0.033	0.014	0.006	0.002	0.000
1990-09-22	Perennial Ryegrass	-999.9	-1	0	4161.6	0.0	2862.3	0.0	1297.41	1.88	2862.29	1299	1856.04	2305.54	3756.62	993.83	0.0	0.079	0.033	0.014	0.006	0.002	0.000
1990-09-23	Perennial Ryegrass	-999.9	-1	0	4190.3	0.0	2893.5	0.0	1294.93	1.87	2893.52	1297	1875.13	2315.19	3785.96	1006.08	0.0	0.080	0.034	0.015	0.006	0.002	0.000
1990-09-24	Perennial Ryegrass	-999.9	-1	0	4216.0	0.0	2921.7	0.0	1292.46	1.87	2921.67	1294	1892.27	2323.73	3812.10	1016.82	0.0	0.080	0.034	0.015	0.006	0.002	0.000
1990-09-25	Perennial Ryegrass	-999.9	-1	0	4230.3	0.0	2938.4	0.0	1285.64	6.21	2938.43	1292	1902.15	2328.13	3827.98	1022.24	0.0	0.081	0.035	0.015	0.006	0.002	0.000
1990-09-26	Perennial Ryegrass	-999.9	-1	0	4243.0	0.0	2958.0	0.0	1283.18	1.86	2957.96	1285	1912.40	2330.60	3840.34	1028.89	0.0	0.081	0.035	0.015	0.006	0.002	0.000
1990-09-27	Perennial Ryegrass	-999.9	-1	0	4259.8	0.0	2977.2	0.0	1280.73	1.85	2977.17	1283	1923.85	2335.91	3857.15	1035.40	0.0	0.082	0.035	0.015	0.006	0.002	0.000
1990-09-28	Perennial Ryegrass	-999.9	-1	0	4275.1	0.0	2995.0	0.0	1278.29	1.85	2994.99	1280	1934.42	2340.71	3872.73	1041.26	0.0	0.082	0.035	0.015	0.006	0.002	0.000
1990-09-29	Perennial Ryegrass	-999.9	-1	0	4288.6	0.0	3010.9	0.0	1275.84	1.84	3010.93	1278	1943.79	2344.83	3886.49	1046.24	0.0	0.083	0.036	0.015	0.006	0.002	0.000
1990-09-30	Perennial Ryegrass	-999.9	-1	0	4309.4	0.0	3034.1	0.0	1273.41	1.84	3034.13	1275	1957.78	2351.60	3906.29	1054.57	0.0	0.083	0.036	0.015	0.006	0.002	0.000
1990-10-01	Perennial Ryegrass	-999.9	-1	0	4325.4	0.0	3052.6	0.0	1270.98	1.84	3052.58	1273	1968.75	2356.65	3922.96	1060.67	0.0	0.083	0.036	0.016	0.006	0.002	0.000
1990-10-02	Perennial Ryegrass	-999.9	-1	0	4338.0	0.0	3067.6	0.0	1268.56	1.83	3067.61	1270	1977.55	2360.45	3936.03	1065.19	0.0	0.083	0.037	0.016	0.006	0.002	0.000
1990-10-03	Perennial Ryegrass	-999.9	-1	0	4347.0	0.0	3079.0	0.0	1264.69	3.28	3079.01	1268	1984.04	2362.93	3945.49	1068.04	0.0	0.083	0.037	0.016	0.006	0.002	0.000
1990-10-04	Perennial Ryegrass	-999.9	-1	0	4353.0	0.0	3088.9	0.0	1262.28	1.82	3088.92	1264	1989.12	2363.89	3951.73	1070.18	0.0	0.083	0.037	0.016	0.006	0.002	0.000
1990-10-05	Perennial Ryegrass	-999.9	-1	0	4348.6	0.0	3086.9	0.0	1228.28	33.41	3086.90	1262	1986.83	2361.75	3948.85	1067.27	0.0	0.082	0.037	0.016	0.006	0.002	0.000
1990-10-06	Perennial Ryegrass	-999.9	-1	0	4335.3	0.0	3107.6	0.0	1225.95	1.76	3107.57	1228	1989.10	2346.18	3932.60	1074.37	0.0	0.083	0.037	0.016	0.006	0.002	0.000
1990-10-07	Perennial Ryegrass	-999.9	-1	0	4350.2	0.0	3124.8	0.0	1223.62	1.76	3124.81	1225	1999.34	2350.85	3947.97	1079.88	0.0	0.083	0.038	0.016	0.006	0.002	0.000
1990-10-08	Perennial Ryegrass	-999.9	-1	0	4357.1	0.0	3134.1	0.0	1177.69	45.36	3134.09	1223	2004.54	2352.61	3955.95	1081.70	0.0	0.084	0.038	0.016	0.006	0.002	0.000
1990-10-09	Perennial Ryegrass	-999.9	-1	0	4353.3	0.0	3176.1	0.0	1174.13	3.01	3176.12	1177	2016.80	2336.47	3947.90	1098.69	0.0	0.085	0.038	0.016	0.007	0.002	0.000
1990-10-10	Perennial Ryegrass	-999.9	-1	0	4376.0	0.0	3202.4	0.0	1137.50	36.08	3202.40	1174	2032.40	2343.59	3972.68	1108.32	0.0	0.086	0.039	0.017	0.007	0.002	0.000
1990-10-11	Perennial Ryegrass	-999.9	-1	0	4376.8	0.0	3239.8	0.0	1121.56	15.42	3239.78	1137	2044.92	2331.84	3972.09	1123.00	0.0	0.087	0.039	0.017	0.007	0.002	0.000
1990-10-12	Perennial Ryegrass	-999.9	-1	0	4399.1	0.0	3278.0	0.0	1119.45	1.59	3278.02	1121	2064.40	2334.66	3994.34	1138.03	0.0	0.088	0.040	0.017	0.007	0.002	0.000
1990-10-13	Perennial Ryegrass	-999.9	-1	0	4431.3	0.0	3312.4	0.0	1117.34	1.59	3312.41	1119	2085.59	2345.75	4027.14	1151.23	0.0	0.089	0.041	0.017	0.007	0.002	0.000
1990-10-14	Perennial Ryegrass	-999.9	-1	0	4459.7	0.0	3342.9	0.0	1115.24	1.59	3342.85	1117	2104.28	2355.40	4056.00	1162.59	0.0	0.090	0.041	0.017	0.007	0.002	0.000
1990-10-15	Perennial Ryegrass	-999.9	-1	0	4479.7	0.0	3365.0	0.0	1105.99	8.74	3364.99	1115	2117.71	2362.02	4077.07	1170.06	0.0	0.091	0.041	0.018	0.007	0.002	0.000
1990-10-16	Perennial Ryegrass	-999.9	-1	0	4501.4	0.0	3395.9	0.0	1103.91	1.57	3395.93	1105	2134.58	2366.83	4097.73	1181.53	0.0	0.091	0.042	0.018	0.007	0.002	0.000
1990-10-17	Perennial Ryegrass	-999.9	-1	0	4517.2	0.0	3413.8	0.0	1101.84	1.56	3413.80	1103	2145.31	2371.89	4115.10	1186.93	0.0	0.092	0.042	0.018	0.007	0.002	0.000
1990-10-18	Perennial Ryegrass	-999.9	-1	0	4532.4	0.0	3431.1	0.0	1097.32	4.01	3431.09	1101	2155.67	2376.75	4130.39	1192.03	0.0	0.092	0.042	0.018	0.007	0.002	0.000
1990-10-19	Perennial Ryegrass	-999.9	-1	0	4522.4	0.0	3425.6	0.0	1042.68	54.14	3425.62	1097	2150.03	2372.41	4123.08	1187.86	0.0	0.092	0.042	0.018	0.007	0.002	0.000
1990-10-20	Perennial Ryegrass	-999.9	-1	0	4513.1	0.0	3470.9	0.0	1034.10	8.11	3470.93	1042	2162.70	2350.43	4107.84	1205.97	0.0	0.093	0.043	0.018	0.007	0.002	0.000
1990-10-21	Perennial Ryegrass	-999.9	-1	0	4544.0	0.0	3510.4	0.0	996.95	36.67	3510.36	1034	2185.25	2358.74	4139.44	1221.32	0.0	0.095	0.043	0.018	0.007	0.002	0.000
1990-10-22	Perennial Ryegrass	-999.9	-1	0	4542.8	0.0	3546.3	0.0	995.10	1.40	3546.31	996	2197.53	2345.27	4138.71	1235.03	0.0	0.096	0.044	0.019	0.007	0.002	0.000
1990-10-23	Perennial Ryegrass	-999.9	-1	0	4576.1	0.0	3581.4	0.0	993.25	1.39	3581.42	995	2219.25	2356.82	4172.11	1248.29	0.0	0.097	0.044	0.019	0.007	0.002	0.000
1990-10-24	Perennial Ryegrass	-999.9	-1	0	4607.3	0.0	3614.5	0.0	991.41	1.39	3614.48	993	2239.67	2367.62	4203.59	1260.55	0.0	0.098	0.045	0.019	0.007	0.002	0.000
1990-10-25	Perennial Ryegrass	-999.9	-1	0	4634.7	0.0	3643.7	0.0	989.57	1.39	3643.73	991	2257.67	2377.02	4231.45	1271.00	0.0	0.098	0.045	0.019	0.007	0.002	0.000
1990-10-26	Perennial Ryegrass	-999.9	-1	0	4659.8	0.0	3670.7	0.0	987.74	1.38	3670.67	989	2274.21	2385.58	4256.83	1280.32	0.0	0.099	0.046	0.019	0.007	0.002	0.000
1990-10-27	Perennial Ryegrass	-999.9	-1	0	4681.4	0.0	3694.1	0.0	985.91	1.38	3694.07	987	2288.52	2392.84	4278.81	1287.92	0.0	0.100	0.046	0.019	0.007	0.002	0.000
1990-10-28	Perennial Ryegrass	-999.9	-1	0	4696.4	0.0	3710.9	0.0	984.08	1.38	3710.93	985	2298.69	2397.69	4294.56	1292.41	0.0	0.100	0.046	0.020	0.007	0.002	0.000
1990-10-29	Perennial Ryegrass	-999.9	-1	0	4708.4	0.0	3724.8	0.0	982.26	1.38	3724.79	984	2306.98	2401.45	4306.93	1295.42	0.0	0.100	0.046	0.020	0.007	0.002	0.000
1990-10-30	Perennial Ryegrass	-999.9	-1	0	4717.4	0.0	3735.6	0.0	980.44	1.37	3735.60	982	2313.20	2404.21	4316.25	1296.61	0.0	0.100	0.046	0.020	0.007	0.002	0.000
1990-10-31	Perennial Ryegrass	-999.9	-1	0	4727.3	0.0	3747.3	0.0	978.65	1.37	3747.29	980	2319.95	2407.36	4326.06	1298.04	0.0	0.100	0.047	0.020	0.007	0.002	0.000
1990-11-01	Perennial Ryegrass	-999.9	-1	0	4739.9	0.0	3761.1	0.0	977.45	1.37	3761.07	979	2328.31	2411.58	4338.41	1300.44	0.0	0.100	0.047	0.020	0.007	0.002	0.000
1990-11-02	Perennial Ryegrass	-999.9	-1	0	4752.1	0.0	3773.8	0.0	976.89	1.37	3773.82	978	2336.37	2415.71	4350.72	1302.54	0.0	0.100	0.047	0.020	0.007	0.002	0.000
1990-11-03	Perennial Ryegrass	-999.9	-1	0	4754.2	0.0	3775.9	0.0	976.94	1.37	3775.86	978	2338.27	2415.91	4353.96	1300.44	0.0	0.100	0.047	0.020	0.007	0.002	0.000
1990-11-04	Perennial Ryegrass	-999.9	-1	0	4765.8	0.0	3786.7	0.0	934.40	44.74	3786.70	979	2345.90	2419.93	4364.68	1302.10	0.0	0.099	0.047	0.020	0.007	0.002	0.000
1990-11-05	Perennial Ryegrass	-999.9	-1	0	4755.3	0.0	3817.8	0.0	936.19	1.31	3817.79	937	2354.14	2401.14	4352.00	1311.81	0.0	0.100	0.047	0.020	0.008	0.002	0.000
1990-11-06	Perennial Ryegrass	-999.9	-1	0	4776.3	0.0	3836.0	0.0	939.04	1.31	3835.99	940	2367.20	2409.13	4374.43	1316.62	0.0	0.100	0.048	0.020	0.008	0.002	0.000
1990-11-07	Perennial Ryegrass	-999.9	-1	0	4795.0	0.0	3850.7	0.0	943.02	1.32	3850.69	944	2378.74	2416.29	4393.50	1320.24	0.0	0.101	0.048	0.020	0.008	0.002	0.000
1990-11-08	Perennial Ryegrass	-999.9	-1	0	4808.8	0.0	3858.5	0.0	947.98	2.39	3858.48	950	2387.31	2421.53	4408.04	1321.79	0.0	0.101	0.048	0.020	0.008	0.002	0.000
1990-11-09	Perennial Ryegrass	-999.9	-1	0	4826.7	0.0	3870.8	0.0	941.80	14.09	3870.81	956	2398.36	2428.35	4425.43	1324.72	0.0	0.101	0.048	0.020	0.008	0.002	0.000
1990-11-10	Perennial Ryegrass	-999.9	-1	0	4844.5	0.0	3897.0	0.0	941.47	5.97	3897.02	947	2412.27	2432.20	4441.76	1330.97	0.0	0.101	0.048	0.021	0.008	0.002	0.000
1990-11-11	Perennial Ryegrass	-999.9	-1	0	4865.0	0.0	3919.5	0.0	944.19	1.35	3919.47	946	2425.39	2439.62	4462.70	1335.31	0.0	0.102	0.049	0.021	0.008	0.002	0.000
1990-11-12	Perennial Ryegrass	-999.9	-1	0	4879.5	0.0	3929.2	0.0	948.92	1.36	3929.22	950	2433.90	2445.60	4478.50	1336.33	0.0	0.102	0.049	0.021	0.008	0.002	0.000
1990-11-13	Perennial Ryegrass	-999.9	-1	0	4889.3	0.0	3931.1	0.0	956.88	1.37	3931.06	958	2439.74	2449.57	4489.12	1335.81	0.0	0.102	0.049	0.021	0.008	0.002	0.000
1990-11-14	Perennial Ryegrass	-999.9	-1	0	4880.2	0.0	3909.8	0.0	962.21	8.17	3909.81	970	2433.03	2447.16	4482.35	1329.77	0.0	0.101	0.048	0.021	0.008	0.002	0.000
1990-11-15	Perennial Ryegrass	-999.9	-1	0	4877.3	0.0	3899.7	0.0	962.38	15.19	3899.70	978	2433.20	2444.07	4478.30	1327.23	0.0	0.101	0.048	0.021	0.008	0.002	0.000
1990-11-16	Perennial Ryegrass	-999.9	-1	0	4877.5	0.0	3900.9	0.0	975.18	1.42	3900.93	977	2436.10	2441.43	4477.41	1326.81	0.0	0.101	0.048	0.020	0.008	0.002	0.000
1990-11-17	Perennial Ryegrass	-999.9	-1	0	4881.8	0.0	3893.4	0.0	986.94	1.45	3893.36	988	2438.60	2443.16	4482.53	1324.15	0.0	0.101	0.048	0.020	0.008	0.002	0.000
1990-11-18	Perennial Ryegrass	-999.9	-1	0	4890.6	0.0	3894.6	0.0	994.51	1.48	3894.65	996	2443.43	2447.21	4490.50	1322.39	0.0	0.101	0.048	0.020	0.008	0.002	0.000
1990-11-19	Perennial Ryegrass	-999.9	-1	0	4898.9	0.0	3893.2	0.0	1004.21	1.50	3893.24	1006	2447.91	2451.03	4499.09	1320.49	0.0	0.101	0.048	0.020	0.008	0.002	0.000
1990-11-20	Perennial Ryegrass	-999.9	-1	0	4898.8	0.0	3878.6	0.0	1018.70	1.52	3878.57	1020	2448.08	2450.71	4500.29	1317.06	0.0	0.100	0.048	0.020	0.008	0.002	0.000
1990-11-21	Perennial Ryegrass	-999.9	-1	0	4880.6	0.0	3841.9	0.0	1037.12	1.55	3841.91	1039	2433.81	2446.77	4484.35	1308.37	0.0	0.100	0.048	0.020	0.008	0.002	0.000
1990-11-22	Perennial Ryegrass	-999.9	-1	0	4861.7	0.0	3804.1	0.0	1056.05	1.59	3804.09	1058	2419.03	2442.71	4465.67	1299.50	0.0	0.099	0.047	0.020	0.007	0.002	0.000
1990-11-23	Perennial Ryegrass	-999.9	-1	0	4842.2	0.0	3764.9	0.0	1075.72	1.63	3764.87	1077	2403.76	2438.45	4446.34	1290.47	0.0	0.098	0.047	0.020	0.007	0.002	0.000
1990-11-24	Perennial Ryegrass	-999.9	-1	0	4832.5	0.0	3737.0	0.0	1093.87	1.67	3736.99	1096	2396.67	2435.86	4435.49	1284.50	0.0	0.098	0.047	0.020	0.007	0.002	0.000
1990-11-25	Perennial Ryegrass	-999.9	-1	0	4825.2	0.0	3709.1	0.0	1114.42	1.70	3709.06	1116	2391.52	2433.66	4428.17	1279.27	0.0	0.097	0.047	0.020	0.007	0.002	0.000
1990-11-26	Perennial Ryegrass	-999.9	-1	0	4800.6	0.0	3654.2	0.0	1144.66	1.74	3654.19	1146	2372.30	2428.30	4406.51	1268.76	0.0	0.097	0.046	0.020	0.007	0.002	0.000
1990-11-27	Perennial Ryegrass	-999.9	-1	0	4773.2	0.0	3590.2	0.0	1181.22	1.80	3590.20	1183	2350.90	2422.31	4380.22	1257.36	0.0	0.096	0.046	0.019	0.007	0.002	0.000
1990-11-28	Perennial Ryegrass	-999.9	-1	0	4742.9	0.0	3516.3	0.0	1224.80	1.87	3516.27	1227	2327.29	2415.64	4351.17	1244.95	0.0	0.095	0.045	0.019	0.007	0.002	0.000
1990-11-29	Perennial Ryegrass	-999.9	-1	0	4702.0	0.0	3422.3	0.0	1277.76	1.94	3422.30	1280	2295.31	2406.70	4312.70	1229.04	0.0	0.094	0.045	0.019	0.007	0.002	0.000
1990-11-30	Perennial Ryegrass	-999.9	-1	0	4667.9	0.0	3334.5	0.0	1331.37	2.04	3334.49	1333	2269.02	2398.87	4278.16	1215.07	0.0	0.093	0.044	0.019	0.007	0.002	0.000
1990-12-01	Perennial Ryegrass	-999.9	-1	0	4630.0	0.0	3237.1	0.0	1390.69	2.13	3237.14	1393	2239.92	2390.05	4241.64	1199.70	0.0	0.091	0.044	0.019	0.007	0.002	0.000
1990-12-02	Perennial Ryegrass	-999.9	-1	0	4592.8	0.0	3135.5	0.0	1433.36	23.96	3135.51	1457	2211.65	2381.19	4205.40	1184.43	0.0	0.090	0.043	0.018	0.007	0.002	0.000
1990-12-03	Perennial Ryegrass	-999.9	-1	0	4537.6	0.0	3033.7	0.0	1416.14	87.78	3033.73	1504	2175.92	2361.72	4150.63	1170.20	0.0	0.089	0.043	0.018	0.007	0.002	0.000
1990-12-04	Perennial Ryegrass	-999.9	-1	0	4482.1	0.0	2996.5	0.0	1483.42	2.25	2996.48	1486	2149.46	2332.68	4087.05	1168.45	0.0	0.089	0.043	0.018	0.007	0.002	0.000
1990-12-05	Perennial Ryegrass	-999.9	-1	0	4500.0	0.0	2945.0	0.0	1552.67	2.35	2944.98	1555	2158.18	2341.83	4106.88	1165.82	0.0	0.089	0.042	0.018	0.007	0.002	0.000
1990-12-06	Perennial Ryegrass	-999.9	-1	0	4512.3	0.0	2880.9	0.0	1628.90	2.46	2880.95	1631	2164.24	2348.08	4121.01	1162.74	0.0	0.089	0.042	0.018	0.007	0.002	0.000
1990-12-07	Perennial Ryegrass	-999.9	-1	0	4520.8	0.0	2809.0	0.0	1709.19	2.59	2809.03	1712	2168.48	2352.33	4130.80	1159.33	0.0	0.088	0.042	0.018	0.007	0.002	0.000
1990-12-08	Perennial Ryegrass	-999.9	-1	0	4524.9	0.0	2731.6	0.0	1790.59	2.72	2731.64	1793	2170.62	2354.32	4135.96	1155.61	0.0	0.088	0.042	0.018	0.007	0.002	0.000
1990-12-09	Perennial Ryegrass	-999.9	-1	0	4536.5	0.0	2680.7	0.0	1852.95	2.85	2680.68	1856	2176.43	2360.04	4143.94	1152.32	0.0	0.088	0.042	0.018	0.007	0.002	0.000
1990-12-10	Perennial Ryegrass	-999.9	-1	0	4548.7	0.0	2649.7	0.0	1804.41	94.53	2649.72	1899	2182.59	2366.06	4153.27	1149.15	0.0	0.087	0.042	0.018	0.007	0.002	0.000
1990-12-11	Perennial Ryegrass	-999.9	-1	0	4495.3	0.0	2653.4	0.0	1839.07	2.85	2653.36	1842	2158.43	2336.86	4094.74	1147.48	0.0	0.087	0.042	0.018	0.007	0.002	0.000
1990-12-12	Perennial Ryegrass	-999.9	-1	0	4522.0	0.0	2643.1	0.0	1876.05	2.91	2643.06	1879	2171.84	2350.18	4123.57	1145.26	0.0	0.087	0.042	0.018	0.007	0.002	0.000
1990-12-13	Perennial Ryegrass	-999.9	-1	0	4544.4	0.0	2624.9	0.0	1916.59	2.97	2624.88	1920	2183.12	2361.31	4147.18	1142.87	0.0	0.087	0.042	0.018	0.007	0.002	0.000
1990-12-14	Perennial Ryegrass	-999.9	-1	0	4560.3	0.0	2597.7	0.0	1959.56	3.03	2597.73	1963	2191.18	2369.13	4164.45	1140.17	0.0	0.087	0.042	0.018	0.007	0.002	0.000
1990-12-15	Perennial Ryegrass	-999.9	-1	0	4572.5	0.0	2564.9	0.0	2004.43	3.10	2564.93	2008	2197.41	2375.05	4177.51	1137.28	0.0	0.087	0.042	0.018	0.006	0.002	0.000
1990-12-16	Perennial Ryegrass	-999.9	-1	0	4582.3	0.0	2513.1	0.0	2066.04	3.17	2513.08	2069	2202.52	2379.78	4190.38	1134.24	0.0	0.086	0.041	0.018	0.006	0.002	0.000
1990-12-17	Perennial Ryegrass	-999.9	-1	0	4587.0	0.0	2457.8	0.0	2125.91	3.27	2457.83	2129	2205.09	2381.92	4195.80	1130.87	0.0	0.086	0.041	0.017	0.006	0.002	0.000
1990-12-18	Perennial Ryegrass	-999.9	-1	0	4568.1	0.0	2366.5	0.0	2198.29	3.37	2366.49	2202	2190.73	2377.42	4183.01	1121.15	0.0	0.085	0.041	0.017	0.006	0.002	0.000
1990-12-19	Perennial Ryegrass	-999.9	-1	0	4573.0	0.0	2328.3	0.0	2230.51	14.23	2328.25	2245	2193.42	2379.57	4179.46	1117.75	0.0	0.085	0.041	0.017	0.006	0.002	0.000
1990-12-20	Perennial Ryegrass	-999.9	-1	0	4555.2	0.0	2261.9	0.0	2289.75	3.54	2261.91	2293	2184.19	2371.01	4166.60	1112.87	0.0	0.085	0.041	0.017	0.006	0.002	0.000
1990-12-21	Perennial Ryegrass	-999.9	-1	0	4558.3	0.0	2214.1	0.0	2340.59	3.64	2214.11	2344	2186.06	2372.27	4166.79	1109.35	0.0	0.084	0.041	0.017	0.006	0.002	0.000
1990-12-22	Perennial Ryegrass	-999.9	-1	0	4538.2	0.0	2135.6	0.0	2398.81	3.73	2135.63	2403	2170.67	2367.49	4152.34	1098.91	0.0	0.084	0.040	0.017	0.006	0.002	0.000
1990-12-23	Perennial Ryegrass	-999.9	-1	0	4523.6	0.0	2074.1	0.0	2445.67	3.83	2074.08	2449	2160.13	2363.45	4135.10	1090.86	0.0	0.083	0.040	0.017	0.006	0.002	0.000
1990-12-24	Perennial Ryegrass	-999.9	-1	0	4518.5	0.0	2035.9	0.0	2478.67	3.90	2035.88	2483	2157.76	2360.70	4125.83	1087.04	0.0	0.083	0.040	0.017	0.006	0.002	0.000
1990-12-25	Perennial Ryegrass	-999.9	-1	0	4505.9	0.0	0.0	1980.7	2521.26	3.96	1980.71	2525	2149.05	2356.88	4116.77	1079.96	0.0	0.082	0.039	0.017	0.006	0.002	0.000
1990-12-26	Perennial Ryegrass	20.0	-1	0	4504.2	0.0	0.0	1678.7	2821.50	4.03	1678.65	2826	2148.95	2355.24	4165.19	1077.19	0.0	0.082	0.039	0.017	0.006	0.002	0.000
1990-12-27	Perennial Ryegrass	20.4	-1	0	4503.3	0.0	0.0	1397.3	3101.33	4.66	1397.28	3106	2149.41	2353.86	4170.32	1074.53	0.0	0.082	0.039	0.017	0.006	0.002	0.000
1990-12-28	Perennial Ryegrass	21.1	-1	0	4499.5	0.0	0.0	1131.9	3362.36	5.25	1131.88	3368	2147.88	2351.61	4175.46	1071.19	0.0	0.081	0.039	0.017	0.006	0.002	0.000
1990-12-29	Perennial Ryegrass	21.5	-1	0	4495.4	0.0	0.0	931.0	3558.62	5.79	930.99	3564	2146.07	2349.33	4166.40	1067.79	0.0	0.081	0.039	0.017	0.006	0.002	0.000
1990-12-30	Perennial Ryegrass	22.0	-1	0	4490.7	0.0	0.0	760.5	3723.97	6.20	760.51	3730	2143.78	2346.90	4163.93	1064.28	0.0	0.081	0.039	0.017	0.006	0.002	0.000
1990-12-31	Perennial Ryegrass	22.5	-1	0	4485.0	0.0	0.0	616.2	3847.03	21.81	616.15	3869	2140.78	2344.22	4160.92	1060.58	0.0	0.080	0.039	0.017	0.006	0.002	0.000
1991-01-01	Perennial Ryegrass	22.8	-1	0	4464.2	0.0	0.0	507.0	3950.31	6.81	507.05	3957	2128.52	2335.64	4134.99	1056.86	0.0	0.080	0.039	0.017	0.006	0.002	0.000
1991-01-02	Perennial Ryegrass	23.2	-1	0	4457.7	0.0	0.0	412.9	4037.76	7.03	412.87	4045	2124.90	2332.75	4131.95	1053.02	0.0	0.080	0.039	0.016	0.006	0.002	0.000
1991-01-03	Perennial Ryegrass	23.6	-1	0	4450.3	0.0	0.0	335.7	4107.37	7.21	335.71	4115	2120.65	2329.64	4125.04	1049.06	0.0	0.079	0.038	0.016	0.006	0.002	0.000
1991-01-04	Perennial Ryegrass	24.1	-1	0	4442.3	0.0	0.0	271.7	4163.25	7.36	271.71	4171	2115.95	2326.38	4170.62	1045.00	0.0	0.079	0.038	0.016	0.006	0.002	0.000
1991-01-05	Perennial Ryegrass	24.7	-1	0	4434.1	0.0	0.0	218.4	3914.07	301.64	218.44	4216	2111.07	2323.07	4215.71	1040.90	0.0	0.079	0.038	0.016	0.006	0.002	0.000
1991-01-06	Perennial Ryegrass	22.8	-1	0	4132.1	0.0	0.0	198.6	3912.92	20.60	198.63	3934	1918.48	2213.67	3933.52	1036.96	0.0	0.079	0.038	0.016	0.006	0.002	0.000
1991-01-07	Perennial Ryegrass	21.9	-1	0	4111.0	0.0	0.0	176.5	3927.46	6.98	176.51	3934	1905.48	2205.47	3934.44	1033.09	0.0	0.078	0.038	0.016	0.006	0.002	0.000
1991-01-08	Perennial Ryegrass	21.5	-1	0	4103.1	0.0	0.0	153.7	3942.40	7.01	153.68	3949	1900.84	2202.25	3949.42	1029.26	0.0	0.078	0.038	0.016	0.006	0.002	0.000
1991-01-09	Perennial Ryegrass	21.7	-1	0	4094.9	0.0	0.0	131.4	3956.50	7.05	131.37	3964	1895.96	2198.96	3963.55	1025.44	0.0	0.078	0.038	0.016	0.006	0.002	0.000
1991-01-10	Perennial Ryegrass	22.2	-1	0	4086.4	0.0	0.0	110.6	3968.73	7.08	110.61	3976	1890.83	2195.59	3975.81	1021.57	0.0	0.077	0.037	0.016	0.006	0.002	0.000
1991-01-11	Perennial Ryegrass	22.6	-1	0	4077.7	0.0	0.0	93.1	3937.93	46.69	93.05	3985	1885.51	2192.17	3984.63	1017.67	0.0	0.077	0.037	0.016	0.006	0.002	0.000
1991-01-12	Perennial Ryegrass	23.0	-1	0	4029.2	0.0	0.0	78.4	3940.88	9.85	78.43	3951	1854.94	2174.21	3950.73	1013.75	0.0	0.077	0.037	0.016	0.006	0.002	0.000
1991-01-13	Perennial Ryegrass	23.3	-1	0	4017.3	0.0	0.0	66.0	3944.24	7.05	66.02	3951	1847.62	2169.70	3951.30	1009.80	0.0	0.076	0.037	0.016	0.006	0.002	0.000
1991-01-14	Perennial Ryegrass	23.9	-1	0	4008.1	0.0	0.0	55.1	3945.96	7.06	55.10	3953	1841.95	2166.17	3953.02	1005.80	0.0	0.076	0.037	0.016	0.006	0.002	0.000
1991-01-15	Perennial Ryegrass	23.9	-1	0	3998.9	0.0	0.0	46.8	3944.96	7.07	46.84	3952	1836.23	2162.63	3952.02	1001.79	0.0	0.076	0.037	0.016	0.006	0.002	0.000
1991-01-16	Perennial Ryegrass	23.0	-1	0	3989.6	0.0	0.0	41.7	3940.84	7.07	41.72	3948	1830.53	2159.10	3947.91	997.89	0.0	0.076	0.037	0.016	0.006	0.002	0.000
1991-01-17	Perennial Ryegrass	22.5	-1	0	3980.3	0.0	0.0	36.7	3936.56	7.06	36.70	3944	1824.76	2155.55	3943.62	994.04	0.0	0.075	0.036	0.016	0.006	0.002	0.000
1991-01-18	Perennial Ryegrass	22.7	-1	0	3971.0	0.0	0.0	31.5	3932.42	7.05	31.53	3939	1818.99	2152.01	3939.47	990.07	0.0	0.075	0.036	0.016	0.006	0.002	0.000
1991-01-19	Perennial Ryegrass	22.8	-1	0	3961.7	0.0	0.0	27.2	3927.44	7.04	27.20	3934	1813.22	2148.46	3934.48	986.05	0.0	0.075	0.036	0.015	0.006	0.002	0.000
1991-01-20	Perennial Ryegrass	23.0	-1	0	3952.4	0.0	0.0	23.5	3921.88	7.04	23.46	3929	1807.45	2144.93	3928.92	981.96	0.0	0.074	0.036	0.015	0.006	0.002	0.000
1991-01-21	Perennial Ryegrass	22.4	-1	0	3943.1	0.0	0.0	20.8	3704.93	217.33	20.83	3922	1801.70	2141.39	3922.26	978.00	0.0	0.074	0.036	0.015	0.006	0.002	0.000
1991-01-22	Perennial Ryegrass	22.2	-1	0	3723.6	0.0	0.0	18.4	3517.81	187.45	18.39	3705	1662.57	2061.08	3705.26	974.01	0.0	0.074	0.036	0.015	0.006	0.002	0.000
1991-01-23	Perennial Ryegrass	21.4	-1	0	3534.2	0.0	0.0	16.6	3302.41	215.17	16.62	3518	1544.32	1989.88	3517.58	970.19	0.0	0.073	0.036	0.015	0.006	0.002	0.000
1991-01-24	Perennial Ryegrass	21.7	-1	0	3317.2	0.0	0.0	14.5	3296.90	5.78	14.47	3303	1410.78	1906.37	3302.68	966.21	0.0	0.073	0.035	0.015	0.006	0.002	0.000
1991-01-25	Perennial Ryegrass	22.3	-1	0	3309.5	0.0	0.0	12.5	3291.25	5.77	12.48	3297	1406.27	1903.23	3297.02	962.14	0.0	0.073	0.035	0.015	0.006	0.002	0.000
1991-01-26	Perennial Ryegrass	22.2	-1	0	3301.9	0.0	0.0	11.0	3285.10	5.76	11.01	3291	1401.78	1900.09	3290.86	958.15	0.0	0.073	0.035	0.015	0.005	0.002	0.000
1991-01-27	Perennial Ryegrass	21.7	-1	0	3294.3	0.0	0.0	9.9	3278.63	5.75	9.88	3284	1397.30	1896.96	3284.37	954.25	0.0	0.072	0.035	0.015	0.005	0.002	0.000
1991-01-28	Perennial Ryegrass	21.2	-1	0	3286.7	0.0	0.0	8.9	3272.00	5.74	8.93	3278	1392.83	1893.83	3277.73	950.41	0.0	0.072	0.035	0.015	0.005	0.002	0.000
1991-01-29	Perennial Ryegrass	20.6	-1	0	3279.1	0.0	0.0	8.1	3265.26	5.72	8.10	3271	1388.37	1890.71	3270.98	946.65	0.0	0.072	0.035	0.015	0.005	0.002	0.000
1991-01-30	Perennial Ryegrass	20.1	-1	0	3271.5	0.0	0.0	7.4	3258.44	5.71	7.36	3264	1383.92	1887.59	3264.15	942.92	0.0	0.071	0.035	0.015	0.005	0.002	0.000
1991-01-31	Perennial Ryegrass	20.5	-1	0	3264.0	0.0	0.0	6.5	3251.74	5.70	6.53	3257	1379.48	1884.48	3257.43	939.09	0.0	0.071	0.034	0.015	0.005	0.002	0.000
1991-02-01	Perennial Ryegrass	20.6	-1	0	3256.4	0.0	0.0	5.8	3244.93	5.68	5.82	3251	1375.06	1881.37	3250.61	935.26	0.0	0.071	0.034	0.015	0.005	0.002	0.000
1991-02-02	Perennial Ryegrass	20.5	-1	0	3248.9	0.0	0.0	5.2	3238.03	5.67	5.23	3244	1370.65	1878.27	3243.70	931.46	0.0	0.071	0.034	0.015	0.005	0.002	0.000
1991-02-03	Perennial Ryegrass	20.9	-1	0	3241.4	0.0	0.0	4.6	3231.15	5.66	4.62	3237	1366.25	1875.18	3236.81	927.56	0.0	0.070	0.034	0.015	0.005	0.002	0.000
1991-02-04	Perennial Ryegrass	21.7	-1	0	3234.0	0.0	0.0	4.0	3224.29	5.64	4.02	3230	1361.87	1872.09	3229.93	923.52	0.0	0.070	0.034	0.014	0.005	0.002	0.000
1991-02-05	Perennial Ryegrass	22.9	-1	0	3226.5	0.0	0.0	3.4	3147.77	75.28	3.44	3223	1357.50	1869.00	3223.06	919.30	0.0	0.070	0.034	0.014	0.005	0.002	0.000
1991-02-06	Perennial Ryegrass	22.9	-1	0	3149.4	0.0	0.0	3.0	3001.59	144.82	3.04	3146	1311.27	1838.18	3146.41	915.26	0.0	0.069	0.034	0.014	0.005	0.002	0.000
1991-02-07	Perennial Ryegrass	23.0	-1	0	3003.0	0.0	0.0	2.7	2995.08	5.19	2.68	3000	1223.89	1779.06	3000.27	911.18	0.0	0.069	0.033	0.014	0.005	0.002	0.000
1991-02-08	Perennial Ryegrass	23.3	-1	0	2996.1	0.0	0.0	2.3	2988.57	5.18	2.35	2994	1219.96	1776.13	2993.74	907.05	0.0	0.069	0.033	0.014	0.005	0.002	0.000
1991-02-09	Perennial Ryegrass	23.6	-1	0	2989.2	0.0	0.0	2.0	2982.03	5.17	2.05	2987	1216.04	1773.21	2987.20	902.89	0.0	0.068	0.033	0.014	0.005	0.002	0.000
1991-02-10	Perennial Ryegrass	23.2	-1	0	2982.4	0.0	0.0	1.8	2975.43	5.15	1.83	2981	1212.13	1770.28	2980.58	898.90	0.0	0.068	0.033	0.014	0.005	0.002	0.000
1991-02-11	Perennial Ryegrass	23.2	-1	0	2975.6	0.0	0.0	1.6	2968.85	5.14	1.62	2974	1208.24	1767.37	2973.99	894.87	0.0	0.068	0.033	0.014	0.005	0.002	0.000
1991-02-12	Perennial Ryegrass	23.4	-1	0	2968.8	0.0	0.0	1.4	2962.27	5.13	1.42	2967	1204.36	1764.46	2967.40	890.79	0.0	0.067	0.033	0.014	0.005	0.001	0.000
1991-02-13	Perennial Ryegrass	23.5	-1	0	2962.0	0.0	0.0	1.3	2955.67	5.11	1.25	2961	1200.49	1761.55	2960.79	886.73	0.0	0.067	0.033	0.014	0.005	0.001	0.000
1991-02-14	Perennial Ryegrass	23.7	-1	0	2955.3	0.0	0.0	1.1	2949.08	5.10	1.10	2954	1196.63	1758.65	2954.18	882.62	0.0	0.067	0.032	0.014	0.005	0.001	0.000
1991-02-15	Perennial Ryegrass	23.4	-1	0	2948.5	0.0	0.0	1.0	2876.73	70.83	0.98	2948	1192.79	1755.75	2947.56	878.61	0.0	0.067	0.032	0.014	0.005	0.001	0.000
1991-02-16	Perennial Ryegrass	22.8	-1	0	2876.1	0.0	0.0	0.9	2870.28	4.95	0.89	2875	1150.47	1725.64	2875.23	874.73	0.0	0.066	0.032	0.014	0.005	0.001	0.000
1991-02-17	Perennial Ryegrass	21.6	-1	0	2869.6	0.0	0.0	0.8	2863.83	4.94	0.82	2869	1146.78	1722.80	2868.76	871.04	0.0	0.066	0.032	0.014	0.005	0.001	0.000
1991-02-18	Perennial Ryegrass	21.2	-1	0	2863.1	0.0	0.0	0.7	2857.39	4.92	0.74	2862	1143.09	1719.97	2862.32	867.33	0.0	0.066	0.032	0.014	0.005	0.001	0.000
1991-02-19	Perennial Ryegrass	21.3	-1	0	2856.6	0.0	0.0	0.7	2850.98	4.91	0.67	2856	1139.42	1717.14	2855.89	863.57	0.0	0.065	0.032	0.014	0.005	0.001	0.000
1991-02-20	Perennial Ryegrass	20.8	-1	0	2850.1	0.0	0.0	0.6	2844.56	4.90	0.61	2849	1135.76	1714.31	2849.46	859.95	0.0	0.065	0.032	0.013	0.005	0.001	0.000
1991-02-21	Perennial Ryegrass	21.0	-1	0	2843.6	0.0	0.0	0.5	2838.17	4.89	0.54	2843	1132.11	1711.49	2843.05	856.28	0.0	0.065	0.031	0.013	0.005	0.001	0.000
1991-02-22	Perennial Ryegrass	21.3	-1	0	2837.1	0.0	0.0	0.5	2799.68	36.98	0.48	2837	1128.47	1708.67	2836.66	852.58	0.0	0.065	0.031	0.013	0.005	0.001	0.000
1991-02-23	Perennial Ryegrass	21.4	-1	0	2798.6	0.0	0.0	0.4	2793.38	4.80	0.43	2798	1106.27	1692.35	2798.18	848.94	0.0	0.064	0.031	0.013	0.005	0.001	0.000
1991-02-24	Perennial Ryegrass	21.6	-1	0	2792.3	0.0	0.0	0.4	2787.11	4.79	0.39	2792	1102.71	1689.56	2791.89	845.28	0.0	0.064	0.031	0.013	0.005	0.001	0.000
1991-02-25	Perennial Ryegrass	22.0	-1	0	2786.0	0.0	0.0	0.3	2780.84	4.77	0.34	2786	1099.17	1686.78	2785.61	841.59	0.0	0.064	0.031	0.013	0.005	0.001	0.000
1991-02-26	Perennial Ryegrass	22.6	-1	0	2779.6	0.0	0.0	0.3	2774.59	4.76	0.30	2779	1095.64	1684.01	2779.35	837.80	0.0	0.063	0.031	0.013	0.005	0.001	0.000
1991-02-27	Perennial Ryegrass	21.9	-1	0	2773.4	0.0	0.0	0.3	2768.34	4.75	0.27	2773	1092.12	1681.24	2773.09	834.26	0.0	0.063	0.031	0.013	0.005	0.001	0.000
1991-02-28	Perennial Ryegrass	21.4	-1	0	2767.1	0.0	0.0	0.2	2762.10	4.74	0.25	2767	1088.61	1678.47	2766.84	830.77	0.0	0.063	0.030	0.013	0.005	0.001	0.000
1991-03-01	Perennial Ryegrass	20.2	-1	0	2760.8	0.0	0.0	0.2	2755.87	4.73	0.23	2761	1085.12	1675.71	2760.60	827.45	0.0	0.063	0.030	0.013	0.005	0.001	0.000
1991-03-02	Perennial Ryegrass	18.9	-1	0	2754.6	0.0	0.0	0.2	2749.66	4.71	0.22	2754	1081.63	1672.95	2754.37	824.26	0.0	0.062	0.030	0.013	0.005	0.001	0.000
1991-03-03	Perennial Ryegrass	18.5	-1	0	2748.4	0.0	0.0	0.2	2743.46	4.70	0.20	2748	1078.16	1670.20	2748.16	821.04	0.0	0.062	0.030	0.013	0.005	0.001	0.000
1991-03-04	Perennial Ryegrass	18.6	-1	0	2742.2	0.0	0.0	0.2	2737.28	4.69	0.18	2742	1074.70	1667.46	2741.97	817.79	0.0	0.062	0.030	0.013	0.005	0.001	0.000
1991-03-05	Perennial Ryegrass	19.1	-1	0	2736.0	0.0	0.0	0.2	2731.12	4.68	0.17	2736	1071.25	1664.72	2735.80	814.48	0.0	0.062	0.030	0.013	0.005	0.001	0.000
1991-03-06	Perennial Ryegrass	20.2	-1	0	2729.8	0.0	0.0	0.1	2724.97	4.67	0.15	2730	1067.81	1661.98	2729.64	811.03	0.0	0.061	0.030	0.013	0.005	0.001	0.000
1991-03-07	Perennial Ryegrass	21.2	-1	0	2723.6	0.0	0.0	0.1	2718.84	4.65	0.13	2723	1064.38	1659.25	2723.50	807.52	0.0	0.061	0.030	0.013	0.005	0.001	0.000
1991-03-08	Perennial Ryegrass	21.9	-1	0	2717.5	0.0	0.0	0.1	2712.72	4.64	0.11	2717	1060.96	1656.52	2717.37	803.98	0.0	0.061	0.030	0.013	0.005	0.001	0.000
1991-03-09	Perennial Ryegrass	21.9	-1	0	2711.3	0.0	0.0	0.1	2702.95	8.30	0.10	2711	1057.55	1653.80	2711.25	800.51	0.0	0.061	0.029	0.013	0.005	0.001	0.000
1991-03-10	Perennial Ryegrass	21.1	-1	0	2701.6	0.0	0.0	0.1	2696.87	4.61	0.09	2701	1052.06	1649.51	2701.48	797.22	0.0	0.060	0.029	0.012	0.005	0.001	0.000
1991-03-11	Perennial Ryegrass	20.6	-1	0	2695.5	0.0	0.0	0.1	2690.80	4.60	0.08	2695	1048.69	1646.80	2695.40	793.96	0.0	0.060	0.029	0.012	0.005	0.001	0.000
1991-03-12	Perennial Ryegrass	19.7	-1	0	2689.4	0.0	0.0	0.1	2684.74	4.59	0.08	2689	1045.32	1644.09	2689.33	790.82	0.0	0.060	0.029	0.012	0.005	0.001	0.000
1991-03-13	Perennial Ryegrass	18.9	-1	0	2683.4	0.0	0.0	0.1	2678.70	4.58	0.07	2683	1041.96	1641.39	2683.28	787.76	0.0	0.060	0.029	0.012	0.005	0.001	0.000
1991-03-14	Perennial Ryegrass	18.8	-1	0	2677.3	0.0	0.0	0.1	2656.96	20.28	0.07	2677	1038.62	1638.69	2677.25	784.66	0.0	0.059	0.029	0.012	0.004	0.001	0.000
1991-03-15	Perennial Ryegrass	18.8	-1	0	2655.6	0.0	0.0	0.1	2643.90	11.62	0.06	2656	1026.35	1629.23	2655.52	781.58	0.0	0.059	0.029	0.012	0.004	0.001	0.000
1991-03-16	Perennial Ryegrass	18.7	-1	0	2642.5	0.0	0.0	0.1	2637.96	4.50	0.06	2642	1019.03	1623.49	2642.46	778.52	0.0	0.059	0.029	0.012	0.004	0.001	0.000
1991-03-17	Perennial Ryegrass	18.8	-1	0	2636.6	0.0	0.0	0.1	2632.04	4.49	0.05	2637	1015.76	1620.82	2636.53	775.46	0.0	0.059	0.028	0.012	0.004	0.001	0.000
1991-03-18	Perennial Ryegrass	19.1	-1	0	2630.7	0.0	0.0	0.0	2626.14	4.48	0.05	2631	1012.50	1618.16	2630.61	772.37	0.0	0.058	0.028	0.012	0.004	0.001	0.000
1991-03-19	Perennial Ryegrass	19.6	-1	0	2624.8	0.0	0.0	0.0	2620.25	4.46	0.04	2625	1009.25	1615.50	2624.71	769.25	0.0	0.058	0.028	0.012	0.004	0.001	0.000
1991-03-20	Perennial Ryegrass	19.5	-1	0	2618.9	0.0	0.0	0.0	2614.37	4.45	0.04	2619	1006.01	1612.85	2618.82	766.21	0.0	0.058	0.028	0.012	0.004	0.001	0.000
1991-03-21	Perennial Ryegrass	19.2	-1	0	2613.0	0.0	0.0	0.0	2608.51	4.44	0.03	2613	1002.78	1610.20	2612.95	763.24	0.0	0.058	0.028	0.012	0.004	0.001	0.000
1991-03-22	Perennial Ryegrass	17.4	-1	0	2607.1	0.0	0.0	0.0	2602.66	4.43	0.03	2607	999.57	1607.56	2607.09	760.51	0.0	0.058	0.028	0.012	0.004	0.001	0.000
1991-03-23	Perennial Ryegrass	16.9	-1	0	2601.3	0.0	0.0	0.0	2596.83	4.42	0.03	2601	996.36	1604.92	2601.25	757.76	0.0	0.057	0.028	0.012	0.004	0.001	0.000
1991-03-24	Perennial Ryegrass	16.2	-1	0	2595.4	0.0	0.0	0.0	2591.01	4.41	0.03	2595	993.16	1602.29	2595.42	755.08	0.0	0.057	0.028	0.012	0.004	0.001	0.000
1991-03-25	Perennial Ryegrass	16.2	-1	0	2589.6	0.0	0.0	0.0	2585.21	4.40	0.03	2590	989.98	1599.66	2589.60	752.39	0.0	0.057	0.028	0.012	0.004	0.001	0.000
1991-03-26	Perennial Ryegrass	16.2	-1	0	2583.8	0.0	0.0	0.0	2579.42	4.39	0.03	2584	986.80	1597.03	2583.81	749.69	0.0	0.057	0.028	0.012	0.004	0.001	0.000
1991-03-27	Perennial Ryegrass	16.3	-1	0	2578.0	0.0	0.0	0.0	2573.65	4.37	0.02	2578	983.63	1594.41	2578.02	747.01	0.0	0.057	0.027	0.012	0.004	0.001	0.000
1991-03-28	Perennial Ryegrass	16.2	-1	0	2572.3	0.0	0.0	0.0	2567.89	4.36	0.02	2572	980.48	1591.80	2572.25	744.38	0.0	0.056	0.027	0.012	0.004	0.001	0.000
1991-03-29	Perennial Ryegrass	16.5	-1	0	2566.5	0.0	0.0	0.0	2452.73	113.77	0.02	2566	977.33	1589.18	2566.50	741.71	0.0	0.056	0.027	0.012	0.004	0.001	0.000
1991-03-30	Perennial Ryegrass	16.3	-1	0	2451.4	0.0	0.0	0.0	2384.29	67.12	0.02	2451	912.78	1538.64	2451.40	739.13	0.0	0.056	0.027	0.012	0.004	0.001	0.000
1991-03-31	Perennial Ryegrass	16.2	-1	0	2383.0	0.0	0.0	0.0	2379.00	4.00	0.02	2383	875.06	1507.96	2383.00	736.88	0.0	0.056	0.027	0.012	0.004	0.001	0.000
1991-04-01	Perennial Ryegrass	16.2	-1	0	2387.5	0.0	9.8	0.0	2346.12	31.60	9.79	2378	879.58	1507.93	2377.73	715.42	0.0	0.054	0.026	0.011	0.004	0.001	0.000
1991-04-02	Perennial Ryegrass	16.2	-1	0	2364.2	0.0	19.3	0.0	2340.94	3.93	19.30	2345	867.40	1496.76	2344.86	701.19	0.0	0.053	0.026	0.011	0.004	0.001	0.000
1991-04-03	Perennial Ryegrass	16.2	-1	0	2369.7	0.0	30.0	0.0	2335.76	3.92	30.03	2340	872.15	1497.56	2339.68	687.31	0.0	0.052	0.025	0.011	0.004	0.001	0.000
1991-04-04	Perennial Ryegrass	16.2	-1	0	2376.9	0.0	42.4	0.0	2330.60	3.91	42.42	2335	878.11	1498.81	2334.51	673.70	0.0	0.051	0.025	0.011	0.004	0.001	0.000
1991-04-05	Perennial Ryegrass	16.2	-1	0	2384.0	0.0	54.6	0.0	2325.46	3.90	54.61	2329	884.00	1499.96	2329.35	660.32	0.0	0.050	0.024	0.010	0.004	0.001	0.000
1991-04-06	Perennial Ryegrass	16.2	-1	0	2394.2	0.0	69.9	0.0	2320.32	3.89	69.95	2324	892.26	1501.90	2324.21	647.28	0.0	0.049	0.024	0.010	0.004	0.001	0.000
1991-04-07	Perennial Ryegrass	16.2	-1	0	2405.9	0.0	86.8	0.0	2315.20	3.88	86.79	2319	901.57	1504.30	2319.08	634.68	0.0	0.048	0.023	0.010	0.004	0.001	0.000
1991-04-08	Perennial Ryegrass	16.2	-1	0	2419.4	0.0	105.5	0.0	2310.09	3.87	105.48	2314	912.23	1507.21	2313.96	622.48	0.0	0.047	0.023	0.010	0.004	0.001	0.000
1991-04-09	Perennial Ryegrass	16.2	-1	0	2433.4	0.0	124.5	0.0	2305.00	3.86	124.51	2309	923.19	1510.18	2308.86	610.60	0.0	0.046	0.022	0.010	0.003	0.001	0.000
1991-04-10	Perennial Ryegrass	16.2	-1	0	2449.3	0.0	145.5	0.0	2299.92	3.85	145.53	2304	935.64	1513.66	2303.77	599.13	0.0	0.045	0.022	0.009	0.003	0.001	0.000
1991-04-11	Perennial Ryegrass	16.2	-1	0	2463.7	0.0	165.1	0.0	2288.82	9.86	165.06	2299	947.05	1516.69	2298.69	587.87	0.0	0.045	0.022	0.009	0.003	0.001	0.000
1991-04-12	Perennial Ryegrass	16.2	-1	0	2473.0	0.0	185.4	0.0	2283.78	3.82	185.36	2288	955.77	1517.19	2287.60	576.95	0.0	0.044	0.021	0.009	0.003	0.001	0.000
1991-04-13	Perennial Ryegrass	16.2	-1	0	2490.1	0.0	207.5	0.0	2278.75	3.81	207.50	2283	969.12	1520.95	2282.56	566.42	0.0	0.043	0.021	0.009	0.003	0.001	0.000
1991-04-14	Perennial Ryegrass	16.2	-1	0	2498.5	0.0	220.9	0.0	2231.02	46.52	220.93	2278	976.16	1522.31	2277.54	555.60	0.0	0.042	0.020	0.009	0.003	0.001	0.000
1991-04-15	Perennial Ryegrass	16.2	-1	0	2468.2	0.0	238.3	0.0	2226.12	3.71	238.33	2230	963.08	1505.08	2229.83	545.39	0.0	0.041	0.020	0.009	0.003	0.001	0.000
1991-04-16	Perennial Ryegrass	16.2	-1	0	2488.9	0.0	264.0	0.0	2221.23	3.70	263.96	2225	979.08	1509.81	2224.93	538.34	0.0	0.041	0.020	0.008	0.003	0.001	0.000
1991-04-17	Perennial Ryegrass	16.2	-1	0	2508.6	0.0	287.1	0.0	2217.81	3.69	287.15	2221	994.30	1514.35	2221.50	532.96	0.0	0.040	0.020	0.008	0.003	0.001	0.000
1991-04-18	Perennial Ryegrass	16.2	-1	0	2526.8	0.0	310.1	0.0	2212.94	3.68	310.14	2217	1008.34	1518.42	2216.63	525.69	0.0	0.040	0.019	0.008	0.003	0.001	0.000
1991-04-19	Perennial Ryegrass	16.2	-1	0	2545.2	0.0	333.4	0.0	2208.09	3.68	333.43	2212	1022.57	1522.63	2211.77	522.02	0.0	0.039	0.019	0.008	0.003	0.001	0.000
1991-04-20	Perennial Ryegrass	16.2	-1	0	2562.0	0.0	355.1	0.0	2203.25	3.67	355.07	2207	1035.60	1526.39	2206.92	514.62	0.0	0.039	0.019	0.008	0.003	0.001	0.000
1991-04-21	Perennial Ryegrass	16.2	-1	0	2579.5	0.0	377.4	0.0	2198.42	3.66	377.41	2202	1049.15	1530.35	2202.08	510.28	0.0	0.039	0.019	0.008	0.003	0.001	0.000
1991-04-22	Perennial Ryegrass	16.2	-1	0	2594.6	0.0	396.8	0.0	2194.21	3.65	396.76	2198	1060.93	1533.69	2197.86	505.30	0.0	0.038	0.019	0.008	0.003	0.001	0.000
1991-04-23	Perennial Ryegrass	16.2	-1	0	2610.0	0.0	412.2	0.0	2194.08	3.64	412.24	2198	1072.90	1537.06	2197.72	501.74	0.0	0.038	0.018	0.008	0.003	0.001	0.000
1991-04-24	Perennial Ryegrass	16.2	-1	0	2625.0	0.0	432.0	0.0	2189.27	3.64	432.05	2193	1084.63	1540.33	2205.74	497.16	0.0	0.038	0.018	0.008	0.003	0.001	0.000
1991-04-25	Perennial Ryegrass	16.2	-1	0	2639.3	0.0	451.2	0.0	2115.79	72.32	451.19	2188	1095.84	1543.46	2221.58	494.94	0.0	0.037	0.018	0.008	0.003	0.001	0.000
1991-04-26	Perennial Ryegrass	16.2	-1	0	2586.6	0.0	471.9	0.0	2064.17	50.50	471.93	2115	1071.63	1514.96	2168.21	487.57	0.0	0.037	0.018	0.008	0.003	0.001	0.000
1991-04-27	Perennial Ryegrass	16.2	-1	0	2557.8	0.0	494.7	0.0	2058.33	4.75	494.67	2063	1060.76	1496.99	2138.47	485.13	0.0	0.037	0.018	0.008	0.003	0.001	0.000
1991-04-28	Perennial Ryegrass	16.2	-1	0	2572.0	0.0	514.8	0.0	2053.86	3.39	514.79	2057	1072.10	1499.94	2155.77	481.90	0.0	0.036	0.018	0.008	0.003	0.001	0.000
1991-04-29	Perennial Ryegrass	16.2	-1	0	2586.6	0.0	533.8	0.0	2049.40	3.38	533.78	2053	1083.34	1503.21	2171.80	478.31	0.0	0.036	0.018	0.007	0.003	0.001	0.000
1991-04-30	Perennial Ryegrass	16.2	-1	0	2602.6	0.0	554.2	0.0	2044.95	3.37	554.24	2048	1095.63	1506.93	2187.22	475.96	0.0	0.036	0.018	0.007	0.003	0.001	0.000
1991-05-01	Perennial Ryegrass	16.2	-1	0	2616.2	0.0	572.4	0.0	2040.51	3.36	572.37	2044	1106.22	1510.02	2203.16	473.06	0.0	0.036	0.017	0.007	0.003	0.001	0.000
1991-05-02	Perennial Ryegrass	16.2	-1	0	2628.9	0.0	589.5	0.0	2036.08	3.35	589.51	2039	1116.11	1512.84	2216.97	470.89	0.0	0.036	0.017	0.007	0.003	0.001	0.000
1991-05-03	Perennial Ryegrass	16.2	-1	0	2640.6	0.0	604.7	0.0	2032.64	3.34	604.67	2036	1125.29	1515.36	2230.36	469.57	0.0	0.035	0.017	0.007	0.003	0.001	0.000
1991-05-04	Perennial Ryegrass	16.2	-1	0	2652.0	0.0	619.3	0.0	2029.38	3.34	619.29	2033	1134.22	1517.79	2242.34	467.57	0.0	0.035	0.017	0.007	0.003	0.001	0.000
1991-05-05	Perennial Ryegrass	16.2	-1	0	2663.2	0.0	634.7	0.0	2025.22	3.33	634.69	2029	1143.06	1520.19	2253.30	465.02	0.0	0.035	0.017	0.007	0.003	0.001	0.000
1991-05-06	Perennial Ryegrass	16.2	-1	0	2674.7	0.0	650.5	0.0	2020.90	3.32	650.47	2024	1152.04	1522.66	2264.75	462.54	0.0	0.035	0.017	0.007	0.003	0.001	0.000
1991-05-07	Perennial Ryegrass	16.2	-1	0	2686.6	0.0	666.7	0.0	2016.52	3.32	666.73	2020	1161.29	1525.28	2276.57	460.24	0.0	0.035	0.017	0.007	0.003	0.001	0.000
1991-05-08	Perennial Ryegrass	16.2	-1	0	2697.7	0.0	682.2	0.0	1987.08	28.38	682.21	2015	1169.99	1527.68	2288.38	458.23	0.0	0.035	0.017	0.007	0.003	0.001	0.000
1991-05-09	Perennial Ryegrass	16.2	-1	0	2682.9	0.0	696.8	0.0	1970.40	15.64	696.81	1986	1165.12	1517.73	2274.29	454.61	0.0	0.034	0.017	0.007	0.003	0.001	0.000
1991-05-10	Perennial Ryegrass	16.2	-1	0	2680.9	0.0	711.6	0.0	1966.15	3.22	711.56	1969	1166.97	1513.96	2272.46	453.70	0.0	0.034	0.017	0.007	0.003	0.001	0.000
1991-05-11	Perennial Ryegrass	16.2	-1	0	2690.4	0.0	725.2	0.0	1962.01	3.21	725.19	1965	1174.50	1515.91	2282.75	451.84	0.0	0.034	0.017	0.007	0.003	0.001	0.000
1991-05-12	Perennial Ryegrass	16.2	-1	0	2700.0	0.0	739.0	0.0	1957.79	3.21	739.04	1961	1182.12	1517.92	2292.40	451.13	0.0	0.034	0.017	0.007	0.003	0.001	0.000
1991-05-13	Perennial Ryegrass	16.2	-1	0	2708.7	0.0	751.9	0.0	1953.57	3.20	751.89	1957	1189.03	1519.63	2301.70	448.65	0.0	0.034	0.016	0.007	0.003	0.001	0.000
1991-05-14	Perennial Ryegrass	16.2	-1	0	2717.5	0.0	764.9	0.0	1949.36	3.19	764.92	1953	1196.06	1521.41	2310.54	447.46	0.0	0.034	0.016	0.007	0.003	0.001	0.000
1991-05-15	Perennial Ryegrass	16.2	-1	0	2726.1	0.0	777.7	0.0	1945.15	3.18	777.74	1948	1202.94	1523.14	2319.37	446.47	0.0	0.034	0.016	0.007	0.003	0.001	0.000
1991-05-16	Perennial Ryegrass	16.2	-1	0	2734.0	0.0	789.9	0.0	1940.96	3.18	789.91	1944	1209.37	1524.67	2327.79	445.26	0.0	0.034	0.016	0.007	0.003	0.001	0.000
1991-05-17	Perennial Ryegrass	16.2	-1	0	2741.8	0.0	801.9	0.0	1936.78	3.17	801.87	1940	1215.65	1526.16	2335.76	443.39	0.0	0.033	0.016	0.007	0.003	0.001	0.000
1991-05-18	Perennial Ryegrass	16.2	-1	0	2749.3	0.0	813.5	0.0	1932.60	3.16	813.50	1936	1221.70	1527.56	2343.46	441.63	0.0	0.033	0.016	0.007	0.003	0.001	0.000
1991-05-19	Perennial Ryegrass	16.2	-1	0	2756.9	0.0	825.3	0.0	1928.44	3.15	825.27	1932	1227.85	1529.01	2351.08	439.59	0.0	0.033	0.016	0.007	0.003	0.001	0.000
1991-05-20	Perennial Ryegrass	16.2	-1	0	2764.3	0.0	836.8	0.0	1873.27	54.16	836.82	1927	1233.85	1530.41	2358.66	438.08	0.0	0.033	0.016	0.007	0.003	0.001	0.000
1991-05-21	Perennial Ryegrass	16.2	-1	0	2721.7	0.0	849.4	0.0	1778.78	93.52	849.40	1872	1214.65	1507.05	2315.69	433.65	0.0	0.033	0.016	0.007	0.003	0.001	0.000
1991-05-22	Perennial Ryegrass	16.2	-1	0	2644.7	0.0	866.9	0.0	1705.99	71.87	866.86	1778	1179.39	1465.32	2236.50	432.81	0.0	0.033	0.016	0.007	0.003	0.001	0.000
1991-05-23	Perennial Ryegrass	16.2	-1	0	2589.2	0.0	884.1	0.0	1702.38	2.73	884.08	1705	1155.63	1433.56	2181.25	432.10	0.0	0.033	0.016	0.007	0.003	0.001	0.000
1991-05-24	Perennial Ryegrass	16.2	-1	0	2601.0	0.0	899.5	0.0	1698.77	2.73	899.52	1702	1164.64	1436.38	2194.04	432.31	0.0	0.033	0.016	0.007	0.003	0.001	0.000
1991-05-25	Perennial Ryegrass	16.2	-1	0	2612.0	0.0	914.1	0.0	1695.18	2.72	914.06	1698	1173.02	1438.94	2205.50	430.55	0.0	0.032	0.016	0.007	0.003	0.001	0.000
1991-05-26	Perennial Ryegrass	16.2	-1	0	2622.5	0.0	928.1	0.0	1691.59	2.71	928.15	1694	1181.09	1441.36	2216.29	428.87	0.0	0.032	0.016	0.007	0.003	0.001	0.000
1991-05-27	Perennial Ryegrass	16.2	-1	0	2632.5	0.0	941.7	0.0	1688.01	2.71	941.75	1691	1188.82	1443.65	2226.61	429.98	0.0	0.032	0.016	0.007	0.003	0.001	0.000
1991-05-28	Perennial Ryegrass	16.2	-1	0	2641.8	0.0	954.7	0.0	1684.44	2.70	954.67	1687	1196.07	1445.74	2236.32	430.35	0.0	0.032	0.016	0.007	0.003	0.001	0.000
1991-05-29	Perennial Ryegrass	16.2	-1	0	2651.7	0.0	968.1	0.0	1679.81	3.77	968.12	1684	1203.70	1448.00	2246.06	430.23	0.0	0.032	0.016	0.007	0.003	0.001	0.000
1991-05-30	Perennial Ryegrass	16.2	-1	0	2659.8	0.0	980.8	0.0	1676.26	2.69	980.81	1679	1210.27	1449.49	2254.52	430.18	0.0	0.032	0.016	0.007	0.003	0.001	0.000
1991-05-31	Perennial Ryegrass	16.2	-1	0	2668.4	0.0	993.0	0.0	1672.72	2.68	992.97	1675	1217.00	1451.37	2263.41	429.94	0.0	0.032	0.016	0.007	0.003	0.001	0.000
1991-06-01	Perennial Ryegrass	16.2	-1	0	2676.9	0.0	1005.1	0.0	1669.20	2.67	1005.08	1672	1223.70	1453.25	2272.07	429.88	0.0	0.032	0.016	0.007	0.003	0.001	0.000
1991-06-02	Perennial Ryegrass	16.2	-1	0	2685.3	0.0	1017.0	0.0	1665.67	2.67	1016.99	1668	1230.26	1455.07	2280.59	428.90	0.0	0.032	0.016	0.007	0.003	0.001	0.000
1991-06-03	Perennial Ryegrass	16.2	-1	0	2694.5	0.0	1029.7	0.0	1660.05	4.77	1029.67	1665	1237.34	1457.15	2289.50	426.05	0.0	0.032	0.016	0.007	0.002	0.001	0.000
1991-06-04	Perennial Ryegrass	16.2	-1	0	2700.6	0.0	1041.4	0.0	1656.55	2.65	1041.40	1659	1242.76	1457.84	2296.04	425.87	0.0	0.032	0.016	0.007	0.002	0.001	0.000
1991-06-05	Perennial Ryegrass	16.2	-1	0	2707.2	0.0	1051.5	0.0	1653.05	2.64	1051.48	1656	1248.06	1459.12	2303.31	425.94	0.0	0.032	0.016	0.007	0.002	0.001	0.000
1991-06-06	Perennial Ryegrass	16.2	-1	0	2712.3	0.0	1060.1	0.0	1618.40	33.81	1060.13	1652	1252.38	1459.96	2309.05	426.14	0.0	0.032	0.016	0.007	0.002	0.001	0.000
1991-06-07	Perennial Ryegrass	16.2	-1	0	2686.0	0.0	1068.4	0.0	1522.00	95.57	1068.45	1618	1241.60	1444.42	2282.88	427.02	0.0	0.032	0.016	0.007	0.003	0.001	0.000
1991-06-08	Perennial Ryegrass	16.2	-1	0	2600.8	0.0	1079.6	0.0	1478.21	43.02	1079.62	1521	1203.75	1397.10	2196.67	430.54	0.0	0.032	0.016	0.007	0.003	0.001	0.000
1991-06-09	Perennial Ryegrass	16.2	-1	0	2567.8	0.0	1090.4	0.0	1417.47	59.99	1090.35	1477	1191.01	1376.80	2163.83	433.87	0.0	0.033	0.016	0.007	0.003	0.001	0.000
1991-06-10	Perennial Ryegrass	16.2	-1	0	2516.9	0.0	1100.1	0.0	1362.37	54.39	1100.11	1417	1170.17	1346.69	2113.28	436.82	0.0	0.033	0.016	0.007	0.003	0.001	0.000
1991-06-11	Perennial Ryegrass	16.2	-1	0	2473.4	0.0	1111.7	0.0	1297.78	63.90	1111.73	1362	1153.65	1319.77	2069.19	440.52	0.0	0.033	0.016	0.007	0.003	0.001	0.000
1991-06-12	Perennial Ryegrass	16.2	-1	0	2419.4	0.0	1122.3	0.0	1225.50	71.64	1122.25	1297	1132.68	1286.71	2015.60	443.79	0.0	0.033	0.016	0.007	0.003	0.001	0.000
1991-06-13	Perennial Ryegrass	16.2	-1	0	2359.7	0.0	1134.9	0.0	1223.01	1.87	1134.86	1225	1110.50	1249.24	1955.25	447.90	0.0	0.034	0.017	0.007	0.003	0.001	0.000
1991-06-14	Perennial Ryegrass	16.2	-1	0	2367.9	0.0	1145.5	0.0	1220.53	1.87	1145.50	1222	1116.76	1251.15	1964.15	451.22	0.0	0.034	0.017	0.007	0.003	0.001	0.000
1991-06-15	Perennial Ryegrass	16.2	-1	0	2374.3	0.0	1154.4	0.0	1218.06	1.87	1154.40	1220	1121.83	1252.50	1971.22	453.84	0.0	0.034	0.017	0.007	0.003	0.001	0.000
1991-06-16	Perennial Ryegrass	16.2	-1	0	2380.4	0.0	1162.9	0.0	1215.59	1.86	1162.94	1217	1126.66	1253.74	1977.44	456.31	0.0	0.034	0.017	0.007	0.003	0.001	0.000
1991-06-17	Perennial Ryegrass	16.2	-1	0	2384.9	0.0	1169.9	0.0	1213.13	1.86	1169.95	1215	1130.44	1254.50	1982.53	458.15	0.0	0.034	0.017	0.007	0.003	0.001	0.000
1991-06-18	Perennial Ryegrass	16.2	-1	0	2388.0	0.0	1175.4	0.0	1210.68	1.85	1175.45	1213	1133.20	1254.77	1986.10	459.40	0.0	0.035	0.017	0.007	0.003	0.001	0.000
1991-06-19	Perennial Ryegrass	16.2	-1	0	2390.0	0.0	1180.0	0.0	1208.23	1.85	1179.96	1210	1135.30	1254.74	1988.50	460.26	0.0	0.035	0.017	0.007	0.003	0.001	0.000
1991-06-20	Perennial Ryegrass	16.2	-1	0	2392.2	0.0	1184.6	0.0	1205.78	1.84	1184.59	1208	1137.47	1254.75	1990.65	461.17	0.0	0.035	0.017	0.007	0.003	0.001	0.000
1991-06-21	Perennial Ryegrass	16.2	-1	0	2394.4	0.0	1189.2	0.0	1203.35	1.84	1189.23	1205	1139.66	1254.76	1992.85	462.09	0.0	0.035	0.017	0.007	0.003	0.001	0.000
1991-06-22	Perennial Ryegrass	16.2	-1	0	2396.0	0.0	1193.2	0.0	1200.91	1.84	1193.21	1203	1141.39	1254.57	1994.62	462.74	0.0	0.035	0.017	0.007	0.003	0.001	0.000
1991-06-23	Perennial Ryegrass	16.2	-1	0	2397.8	0.0	1197.5	0.0	1185.20	15.12	1197.51	1200	1143.35	1254.48	1996.39	463.53	0.0	0.035	0.017	0.007	0.003	0.001	0.000
1991-06-24	Perennial Ryegrass	16.2	-1	0	2386.1	0.0	1201.5	0.0	1182.81	1.80	1201.49	1185	1139.64	1246.46	1984.78	464.19	0.0	0.035	0.017	0.007	0.003	0.001	0.000
1991-06-25	Perennial Ryegrass	16.2	-1	0	2388.8	0.0	1206.5	0.0	1180.42	1.80	1206.54	1182	1142.13	1246.63	1987.08	465.28	0.0	0.035	0.017	0.007	0.003	0.001	0.000
1991-06-26	Perennial Ryegrass	16.2	-1	0	2391.5	0.0	1211.7	0.0	1178.04	1.80	1211.70	1180	1144.70	1246.84	1989.83	466.41	0.0	0.035	0.017	0.007	0.003	0.001	0.000
1991-06-27	Perennial Ryegrass	16.2	-1	0	2393.1	0.0	1215.7	0.0	1175.67	1.79	1215.68	1177	1146.47	1246.68	1991.83	467.07	0.0	0.035	0.017	0.007	0.003	0.001	0.000
1991-06-28	Perennial Ryegrass	16.2	-1	0	2394.9	0.0	1219.8	0.0	1151.17	23.92	1219.83	1175	1148.35	1246.57	1993.56	467.79	0.0	0.035	0.017	0.007	0.003	0.001	0.000
1991-06-29	Perennial Ryegrass	16.2	-1	0	2374.8	0.0	1224.1	0.0	1130.76	19.85	1224.15	1151	1141.37	1233.39	1973.34	468.60	0.0	0.035	0.017	0.007	0.003	0.001	0.000
1991-06-30	Perennial Ryegrass	16.2	-1	0	2358.9	0.0	1228.7	0.0	1127.13	3.07	1228.65	1130	1136.26	1222.60	1957.38	469.48	0.0	0.035	0.017	0.007	0.003	0.001	0.000
1991-07-01	Perennial Ryegrass	16.2	-1	0	2358.8	0.0	1232.2	0.0	1124.87	1.71	1232.23	1127	1137.27	1221.54	1957.65	469.99	0.0	0.035	0.017	0.007	0.003	0.001	0.000
1991-07-02	Perennial Ryegrass	16.2	-1	0	2360.0	0.0	1235.7	0.0	1122.62	1.70	1235.70	1124	1138.76	1221.26	1958.90	470.45	0.0	0.035	0.017	0.007	0.003	0.001	0.000
1991-07-03	Perennial Ryegrass	16.2	-1	0	2361.6	0.0	1239.5	0.0	1119.03	3.04	1239.50	1122	1140.47	1221.10	1960.34	471.06	0.0	0.035	0.017	0.007	0.003	0.001	0.000
1991-07-04	Perennial Ryegrass	16.2	-1	0	2361.5	0.0	1243.0	0.0	1089.35	29.12	1243.00	1118	1141.45	1220.02	1960.35	471.55	0.0	0.036	0.017	0.007	0.003	0.001	0.000
1991-07-05	Perennial Ryegrass	16.2	-1	0	2335.7	0.0	1246.9	0.0	1079.18	9.64	1246.87	1089	1132.36	1203.33	1934.44	472.21	0.0	0.036	0.017	0.007	0.003	0.001	0.000
1991-07-06	Perennial Ryegrass	16.2	-1	0	2329.1	0.0	1250.5	0.0	1075.75	2.91	1250.46	1079	1130.85	1198.27	1927.96	472.75	0.0	0.036	0.017	0.007	0.003	0.001	0.000
1991-07-07	Perennial Ryegrass	16.2	-1	0	2328.8	0.0	1253.6	0.0	1073.60	1.62	1253.56	1075	1131.64	1197.14	1927.79	473.10	0.0	0.036	0.017	0.007	0.003	0.001	0.000
1991-07-08	Perennial Ryegrass	16.2	-1	0	2329.4	0.0	1256.3	0.0	1025.97	47.10	1256.29	1073	1132.69	1196.68	1928.50	473.31	0.0	0.036	0.017	0.007	0.003	0.001	0.000
1991-07-09	Perennial Ryegrass	16.2	-1	0	2285.7	0.0	1260.2	0.0	978.22	47.26	1260.20	1025	1116.91	1168.76	1884.43	474.01	0.0	0.036	0.017	0.007	0.003	0.001	0.000
1991-07-10	Perennial Ryegrass	16.2	-1	0	2242.3	0.0	1264.5	0.0	919.01	58.74	1264.53	978	1101.82	1140.45	1840.89	474.91	0.0	0.036	0.017	0.007	0.003	0.001	0.000
1991-07-11	Perennial Ryegrass	16.2	-1	0	2188.6	0.0	1270.0	0.0	870.73	47.83	1270.04	919	1083.80	1104.81	1786.86	476.32	0.0	0.036	0.018	0.007	0.003	0.001	0.000
1991-07-12	Perennial Ryegrass	16.2	-1	0	2146.5	0.0	1276.1	0.0	842.92	27.39	1276.15	870	1070.82	1075.64	1744.54	477.98	0.0	0.036	0.018	0.007	0.003	0.001	0.000
1991-07-13	Perennial Ryegrass	16.2	-1	0	2123.7	0.0	1281.2	0.0	838.44	4.08	1281.17	843	1064.69	1059.00	1722.12	479.19	0.0	0.036	0.018	0.007	0.003	0.001	0.000
1991-07-14	Perennial Ryegrass	16.2	-1	0	2123.2	0.0	1285.2	0.0	826.03	12.01	1285.20	838	1065.93	1057.31	1721.98	479.98	0.0	0.036	0.018	0.007	0.003	0.001	0.000
1991-07-15	Perennial Ryegrass	16.2	-1	0	2114.2	0.0	1288.6	0.0	824.44	1.20	1288.58	826	1064.06	1050.15	1713.16	480.48	0.0	0.036	0.018	0.007	0.003	0.001	0.000
1991-07-16	Perennial Ryegrass	16.2	-1	0	2115.4	0.0	1291.3	0.0	821.90	2.14	1291.31	824	1065.40	1049.95	1714.50	480.72	0.0	0.036	0.018	0.007	0.003	0.001	0.000
1991-07-17	Perennial Ryegrass	16.2	-1	0	2115.0	0.0	1293.5	0.0	820.32	1.19	1293.45	822	1066.03	1048.94	1714.30	480.71	0.0	0.036	0.018	0.007	0.003	0.001	0.000
1991-07-18	Perennial Ryegrass	16.2	-1	0	2115.2	0.0	1295.3	0.0	818.74	1.19	1295.29	820	1066.76	1048.45	1714.65	480.58	0.0	0.036	0.018	0.007	0.003	0.001	0.000
1991-07-19	Perennial Ryegrass	16.2	-1	0	2115.7	0.0	1297.4	0.0	817.16	1.19	1297.36	818	1067.66	1048.05	1715.07	480.55	0.0	0.036	0.018	0.007	0.003	0.001	0.000
1991-07-20	Perennial Ryegrass	16.2	-1	0	2116.4	0.0	1299.7	0.0	815.58	1.18	1299.66	817	1068.71	1047.72	1715.72	480.60	0.0	0.036	0.018	0.007	0.003	0.001	0.000
1991-07-21	Perennial Ryegrass	16.2	-1	0	2116.7	0.0	1301.5	0.0	814.01	1.18	1301.45	815	1069.42	1047.23	1716.10	480.45	0.0	0.036	0.018	0.007	0.003	0.001	0.000
1991-07-22	Perennial Ryegrass	16.2	-1	0	2116.8	0.0	1303.2	0.0	808.82	4.81	1303.19	814	1070.09	1046.72	1716.28	480.28	0.0	0.036	0.018	0.007	0.003	0.001	0.000
1991-07-23	Perennial Ryegrass	16.2	-1	0	2113.1	0.0	1304.7	0.0	807.27	1.17	1304.71	808	1069.43	1043.72	1712.68	480.03	0.0	0.036	0.018	0.007	0.003	0.001	0.000
1991-07-24	Perennial Ryegrass	16.2	-1	0	2113.1	0.0	1306.2	0.0	805.71	1.17	1306.25	807	1069.97	1043.16	1712.66	479.79	0.0	0.036	0.018	0.007	0.003	0.001	0.000
1991-07-25	Perennial Ryegrass	16.2	-1	0	2113.1	0.0	1307.7	0.0	804.16	1.17	1307.74	805	1070.49	1042.58	1712.62	479.53	0.0	0.036	0.018	0.007	0.003	0.001	0.000
1991-07-26	Perennial Ryegrass	16.2	-1	0	2112.7	0.0	1308.9	0.0	802.62	1.16	1308.93	804	1070.80	1041.91	1712.35	479.15	0.0	0.036	0.018	0.007	0.003	0.001	0.000
1991-07-27	Perennial Ryegrass	16.2	-1	0	2112.3	0.0	1310.1	0.0	798.37	3.87	1310.11	802	1071.12	1041.23	1711.99	478.78	0.0	0.036	0.018	0.007	0.003	0.001	0.000
1991-07-28	Perennial Ryegrass	16.2	-1	0	2109.5	0.0	1311.5	0.0	796.84	1.15	1311.51	798	1070.69	1038.81	1709.07	478.51	0.0	0.036	0.018	0.007	0.003	0.001	0.000
1991-07-29	Perennial Ryegrass	16.2	-1	0	2109.8	0.0	1313.3	0.0	795.31	1.15	1313.35	796	1071.45	1038.36	1709.25	478.42	0.0	0.036	0.018	0.007	0.003	0.001	0.000
1991-07-30	Perennial Ryegrass	16.2	-1	0	2110.0	0.0	1315.1	0.0	793.78	1.15	1315.11	795	1072.16	1037.88	1709.51	478.30	0.0	0.036	0.018	0.007	0.003	0.001	0.000
1991-07-31	Perennial Ryegrass	16.2	-1	0	2110.0	0.0	1316.6	0.0	789.16	4.25	1316.63	793	1072.71	1037.33	1709.58	478.08	0.0	0.036	0.018	0.007	0.003	0.001	0.000
1991-08-01	Perennial Ryegrass	16.2	-1	0	2107.2	0.0	1318.5	0.0	787.65	1.14	1318.46	789	1072.46	1034.79	1706.69	477.98	0.0	0.036	0.018	0.007	0.003	0.001	0.000
1991-08-02	Perennial Ryegrass	16.2	-1	0	2107.3	0.0	1320.0	0.0	786.14	1.14	1319.98	787	1073.01	1034.24	1706.79	477.75	0.0	0.036	0.018	0.007	0.003	0.001	0.000
1991-08-03	Perennial Ryegrass	16.2	-1	0	2107.5	0.0	1321.7	0.0	784.63	1.13	1321.72	786	1073.72	1033.77	1706.96	477.62	0.0	0.036	0.018	0.007	0.003	0.001	0.000
1991-08-04	Perennial Ryegrass	16.2	-1	0	2108.5	0.0	1324.3	0.0	766.72	17.54	1324.25	784	1074.96	1033.55	1707.75	477.82	0.0	0.036	0.018	0.007	0.003	0.001	0.000
1991-08-05	Perennial Ryegrass	16.2	-1	0	2093.4	0.0	1327.1	0.0	727.05	39.31	1327.08	766	1071.10	1022.35	1692.59	478.15	0.0	0.036	0.018	0.007	0.003	0.001	0.000
1991-08-06	Perennial Ryegrass	16.2	-1	0	2057.6	0.0	1330.9	0.0	725.66	1.04	1330.91	727	1061.05	996.57	1656.46	478.92	0.0	0.036	0.018	0.007	0.003	0.001	0.000
1991-08-07	Perennial Ryegrass	16.2	-1	0	2059.6	0.0	1334.3	0.0	700.72	24.61	1334.30	725	1062.92	996.70	1658.60	479.49	0.0	0.036	0.018	0.007	0.003	0.001	0.000
1991-08-08	Perennial Ryegrass	16.2	-1	0	2037.6	0.0	1337.2	0.0	698.22	2.18	1337.21	700	1057.23	980.37	1636.73	479.87	0.0	0.036	0.018	0.007	0.003	0.001	0.000
1991-08-09	Perennial Ryegrass	16.2	-1	0	2037.4	0.0	1339.6	0.0	696.90	0.99	1339.55	698	1058.07	979.37	1636.74	480.00	0.0	0.036	0.018	0.007	0.003	0.001	0.000
1991-08-10	Perennial Ryegrass	16.2	-1	0	2038.1	0.0	1341.5	0.0	695.58	0.99	1341.50	697	1059.01	979.07	1637.49	479.95	0.0	0.036	0.018	0.007	0.003	0.001	0.000
1991-08-11	Perennial Ryegrass	16.2	-1	0	2038.6	0.0	1343.3	0.0	694.27	0.99	1343.34	695	1059.87	978.73	1638.05	479.86	0.0	0.036	0.018	0.007	0.003	0.001	0.000
1991-08-12	Perennial Ryegrass	16.2	-1	0	2039.5	0.0	1345.5	0.0	692.95	0.99	1345.53	694	1060.97	978.51	1638.82	479.93	0.0	0.036	0.018	0.007	0.003	0.001	0.000
1991-08-13	Perennial Ryegrass	16.2	-1	0	2040.5	0.0	1347.9	0.0	691.65	0.98	1347.90	693	1062.19	978.34	1639.83	480.07	0.0	0.036	0.018	0.007	0.003	0.001	0.000
1991-08-14	Perennial Ryegrass	16.2	-1	0	2041.4	0.0	1350.1	0.0	686.96	4.37	1350.12	691	1063.31	978.13	1640.78	480.14	0.0	0.036	0.018	0.007	0.003	0.001	0.000
1991-08-15	Perennial Ryegrass	16.2	-1	0	2038.9	0.0	1352.3	0.0	681.95	4.69	1352.31	687	1063.40	975.55	1638.30	480.20	0.0	0.036	0.018	0.007	0.003	0.001	0.000
1991-08-16	Perennial Ryegrass	16.2	-1	0	2035.5	0.0	1353.9	0.0	680.66	0.97	1353.90	682	1063.00	972.53	1635.06	480.01	0.0	0.036	0.018	0.007	0.003	0.001	0.000
1991-08-17	Perennial Ryegrass	16.2	-1	0	2035.7	0.0	1355.3	0.0	679.38	0.97	1355.33	680	1063.60	972.08	1635.26	479.74	0.0	0.036	0.018	0.007	0.003	0.001	0.000
1991-08-18	Perennial Ryegrass	16.2	-1	0	2036.2	0.0	1357.1	0.0	678.10	0.96	1357.13	679	1064.45	971.75	1635.67	479.65	0.0	0.036	0.018	0.007	0.003	0.001	0.000
1991-08-19	Perennial Ryegrass	16.2	-1	0	2036.6	0.0	1358.8	0.0	676.83	0.96	1358.84	678	1065.24	971.39	1636.12	479.51	0.0	0.036	0.018	0.007	0.003	0.001	0.000
1991-08-20	Perennial Ryegrass	16.2	-1	0	2037.5	0.0	1361.0	0.0	659.77	16.74	1361.01	677	1066.34	971.18	1636.88	479.58	0.0	0.036	0.018	0.007	0.003	0.001	0.000
1991-08-21	Perennial Ryegrass	16.2	-1	0	2022.3	0.0	1362.8	0.0	656.01	3.45	1362.80	659	1062.53	959.72	1621.73	479.47	0.0	0.036	0.018	0.007	0.003	0.001	0.000
1991-08-22	Perennial Ryegrass	16.2	-1	0	2020.6	0.0	1364.9	0.0	647.46	8.24	1364.91	656	1062.88	957.73	1619.99	479.52	0.0	0.036	0.018	0.007	0.003	0.001	0.000
1991-08-23	Perennial Ryegrass	16.2	-1	0	2014.8	0.0	1367.7	0.0	634.21	12.95	1367.67	647	1062.29	952.54	1614.02	479.86	0.0	0.036	0.018	0.007	0.003	0.001	0.000
1991-08-24	Perennial Ryegrass	16.2	-1	0	2003.5	0.0	1369.6	0.0	633.02	0.89	1369.63	634	1059.83	943.71	1602.97	479.83	0.0	0.036	0.018	0.007	0.003	0.001	0.000
1991-08-25	Perennial Ryegrass	16.2	-1	0	2004.4	0.0	1371.6	0.0	631.84	0.89	1371.63	633	1060.85	943.50	1603.77	479.83	0.0	0.036	0.018	0.007	0.003	0.001	0.000
1991-08-26	Perennial Ryegrass	16.2	-1	0	2005.0	0.0	1373.4	0.0	630.66	0.89	1373.43	632	1061.75	943.23	1604.45	479.73	0.0	0.036	0.018	0.007	0.003	0.001	0.000
1991-08-27	Perennial Ryegrass	16.2	-1	0	2005.8	0.0	1375.4	0.0	603.12	27.25	1375.43	630	1062.78	943.02	1605.22	479.74	0.0	0.036	0.018	0.007	0.003	0.001	0.000
1991-08-28	Perennial Ryegrass	16.2	-1	0	1980.9	0.0	1378.1	0.0	602.00	0.84	1378.06	603	1056.81	924.09	1580.14	480.02	0.0	0.036	0.018	0.007	0.003	0.001	0.000
1991-08-29	Perennial Ryegrass	16.2	-1	0	1982.1	0.0	1380.3	0.0	592.66	9.06	1380.33	602	1058.05	924.00	1581.39	480.14	0.0	0.036	0.018	0.007	0.003	0.001	0.000
1991-08-30	Perennial Ryegrass	16.2	-1	0	1974.8	0.0	1382.5	0.0	576.27	16.12	1382.45	592	1056.95	917.89	1574.22	480.21	0.0	0.036	0.018	0.007	0.003	0.001	0.000
1991-08-31	Perennial Ryegrass	16.2	-1	0	1960.7	0.0	1384.7	0.0	575.20	0.80	1384.72	576	1054.07	906.66	1560.07	480.34	0.0	0.036	0.018	0.007	0.003	0.001	0.000
1991-09-01	Perennial Ryegrass	16.2	-1	0	1961.7	0.0	1386.7	0.0	574.14	0.80	1386.73	575	1055.15	906.52	1561.09	480.36	0.0	0.036	0.018	0.007	0.003	0.001	0.000
1991-09-02	Perennial Ryegrass	16.2	-1	0	1962.3	0.0	1388.4	0.0	573.08	0.80	1388.43	574	1056.03	906.28	1561.82	480.23	0.0	0.036	0.018	0.007	0.003	0.001	0.000
1991-09-03	Perennial Ryegrass	16.2	-1	0	1963.7	0.0	1390.9	0.0	572.02	0.80	1390.93	573	1057.44	906.30	1563.02	480.47	0.0	0.036	0.018	0.007	0.003	0.001	0.000
1991-09-04	Perennial Ryegrass	16.2	-1	0	1965.0	0.0	1393.3	0.0	570.96	0.80	1393.29	572	1058.76	906.28	1564.37	480.63	0.0	0.036	0.018	0.007	0.003	0.001	0.000
1991-09-05	Perennial Ryegrass	16.2	-1	0	1966.7	0.0	1396.1	0.0	569.90	0.79	1396.05	571	1060.35	906.40	1565.96	480.95	0.0	0.036	0.018	0.007	0.003	0.001	0.000
1991-09-06	Perennial Ryegrass	16.2	-1	0	1968.9	0.0	1399.3	0.0	568.85	0.79	1399.29	570	1062.27	906.67	1568.01	481.48	0.0	0.036	0.018	0.007	0.003	0.001	0.000
1991-09-07	Perennial Ryegrass	16.2	-1	0	1971.2	0.0	1402.6	0.0	567.80	0.79	1402.62	569	1064.24	906.97	1570.26	482.03	0.0	0.036	0.018	0.007	0.003	0.001	0.000
1991-09-08	Perennial Ryegrass	16.2	-1	0	1973.2	0.0	1405.7	0.0	565.82	1.72	1405.66	568	1066.02	907.18	1572.33	482.43	0.0	0.036	0.018	0.007	0.003	0.001	0.000
1991-09-09	Perennial Ryegrass	16.2	-1	0	1974.5	0.0	1409.0	0.0	564.77	0.79	1408.98	566	1067.75	906.79	1573.59	482.95	0.0	0.037	0.018	0.007	0.003	0.001	0.000
1991-09-10	Perennial Ryegrass	16.2	-1	0	1976.0	0.0	1411.5	0.0	536.61	27.91	1411.45	565	1069.15	906.82	1575.26	483.09	0.0	0.037	0.018	0.007	0.003	0.001	0.000
1991-09-11	Perennial Ryegrass	16.2	-1	0	1954.1	0.0	1417.8	0.0	529.77	6.59	1417.77	536	1066.06	888.08	1552.34	485.04	0.0	0.037	0.018	0.007	0.003	0.001	0.000
1991-09-12	Perennial Ryegrass	16.2	-1	0	1951.2	0.0	1421.6	0.0	528.80	0.73	1421.63	530	1066.94	884.22	1550.07	485.85	0.0	0.037	0.018	0.007	0.003	0.001	0.000
1991-09-13	Perennial Ryegrass	16.2	-1	0	1953.2	0.0	1424.7	0.0	527.83	0.73	1424.66	529	1068.75	884.47	1552.37	486.28	0.0	0.037	0.018	0.007	0.003	0.001	0.000
1991-09-14	Perennial Ryegrass	16.2	-1	0	1955.2	0.0	1427.6	0.0	526.86	0.73	1427.59	528	1070.49	884.69	1554.36	486.65	0.0	0.037	0.018	0.007	0.003	0.001	0.000
1991-09-15	Perennial Ryegrass	16.2	-1	0	1957.5	0.0	1430.9	0.0	520.16	6.46	1430.88	527	1072.47	885.04	1556.58	487.18	0.0	0.037	0.018	0.008	0.003	0.001	0.000
1991-09-16	Perennial Ryegrass	16.2	-1	0	1954.4	0.0	1434.4	0.0	514.49	5.43	1434.43	520	1073.19	881.16	1553.36	487.83	0.0	0.037	0.018	0.008	0.003	0.001	0.000
1991-09-17	Perennial Ryegrass	16.2	-1	0	1957.2	0.0	1443.0	0.0	500.03	14.23	1442.97	514	1077.43	879.79	1554.84	490.58	0.0	0.037	0.018	0.008	0.003	0.001	0.000
1991-09-18	Perennial Ryegrass	16.2	-1	0	1955.9	0.0	1456.1	0.0	498.04	1.76	1456.12	500	1082.57	873.36	1552.28	495.36	0.0	0.037	0.018	0.008	0.003	0.001	0.000
1991-09-19	Perennial Ryegrass	16.2	-1	0	1966.7	0.0	1468.9	0.0	496.33	1.49	1468.91	498	1090.50	876.23	1563.22	499.94	0.0	0.038	0.018	0.008	0.003	0.001	0.000
1991-09-20	Perennial Ryegrass	16.2	-1	0	1976.1	0.0	1480.0	0.0	495.45	0.68	1479.97	496	1097.36	878.73	1573.08	503.75	0.0	0.038	0.018	0.008	0.003	0.001	0.000
1991-09-21	Perennial Ryegrass	16.2	-1	0	1988.5	0.0	1493.2	0.0	480.93	14.34	1493.22	495	1105.87	882.62	1584.91	508.51	0.0	0.038	0.019	0.008	0.003	0.001	0.000
1991-09-22	Perennial Ryegrass	16.2	-1	0	1986.1	0.0	1505.3	0.0	480.11	0.66	1505.28	481	1110.34	875.72	1582.82	512.71	0.0	0.039	0.019	0.008	0.003	0.001	0.000
1991-09-23	Perennial Ryegrass	16.2	-1	0	1995.0	0.0	1515.1	0.0	479.30	0.66	1515.06	480	1116.56	878.45	1592.42	515.90	0.0	0.039	0.019	0.008	0.003	0.001	0.000
1991-09-24	Perennial Ryegrass	16.2	-1	0	2007.5	0.0	1528.3	0.0	478.59	0.65	1528.27	479	1125.09	882.43	1604.03	520.58	0.0	0.039	0.019	0.008	0.003	0.001	0.000
1991-09-25	Perennial Ryegrass	16.2	-1	0	2022.5	0.0	1543.9	0.0	475.29	3.38	1543.88	479	1135.24	887.30	1618.46	526.28	0.0	0.040	0.019	0.008	0.003	0.001	0.000
1991-09-26	Perennial Ryegrass	16.2	-1	0	2031.8	0.0	1556.5	0.0	453.52	21.86	1556.46	475	1142.77	889.07	1628.58	530.63	0.0	0.040	0.019	0.008	0.003	0.001	0.000
1991-09-27	Perennial Ryegrass	16.2	-1	0	2024.7	0.0	1571.0	0.0	453.11	0.62	1570.97	454	1147.30	877.39	1620.97	535.77	0.0	0.041	0.020	0.008	0.003	0.001	0.000
1991-09-28	Perennial Ryegrass	16.2	-1	0	2038.9	0.0	1585.4	0.0	452.88	0.62	1585.45	453	1156.84	882.10	1635.26	540.90	0.0	0.041	0.020	0.008	0.003	0.001	0.000
1991-09-29	Perennial Ryegrass	16.2	-1	0	2053.9	0.0	1600.4	0.0	452.94	0.62	1600.36	454	1166.81	887.10	1650.15	546.24	0.0	0.041	0.020	0.008	0.003	0.001	0.000
1991-09-30	Perennial Ryegrass	16.2	-1	0	2069.4	0.0	1615.4	0.0	453.38	0.62	1615.44	454	1177.10	892.34	1665.67	551.67	0.0	0.042	0.020	0.008	0.003	0.001	0.000
1991-10-01	Perennial Ryegrass	16.2	-1	0	2081.5	0.0	1627.2	0.0	453.65	0.62	1627.23	454	1185.11	896.39	1678.58	555.57	0.0	0.042	0.020	0.009	0.003	0.001	0.000
1991-10-02	Perennial Ryegrass	16.2	-1	0	2097.4	0.0	1642.1	0.0	454.73	0.62	1642.09	455	1195.55	901.89	1693.79	560.89	0.0	0.042	0.021	0.009	0.003	0.001	0.000
1991-10-03	Perennial Ryegrass	16.2	-1	0	2113.4	0.0	1656.6	0.0	456.23	0.62	1656.57	457	1205.93	907.49	1709.90	566.02	0.0	0.043	0.021	0.009	0.003	0.001	0.000
1991-10-04	Perennial Ryegrass	16.2	-1	0	2130.1	0.0	1671.0	0.0	458.37	0.63	1671.05	459	1216.63	913.42	1726.56	571.15	0.0	0.043	0.021	0.009	0.003	0.001	0.000
1991-10-05	Perennial Ryegrass	16.2	-1	0	2146.3	0.0	1684.7	0.0	461.01	0.64	1684.66	462	1226.98	919.32	1743.04	575.87	0.0	0.043	0.021	0.009	0.003	0.001	0.000
1991-10-06	Perennial Ryegrass	16.2	-1	0	2162.1	0.0	1697.5	0.0	458.08	6.53	1697.51	465	1236.95	925.17	1759.07	580.16	0.0	0.044	0.021	0.009	0.003	0.001	0.000
1991-10-07	Perennial Ryegrass	16.2	-1	0	2171.5	0.0	1709.7	0.0	461.16	0.64	1709.72	462	1244.90	926.62	1768.65	584.00	0.0	0.044	0.021	0.009	0.004	0.001	0.000
1991-10-08	Perennial Ryegrass	16.2	-1	0	2184.0	0.0	1719.7	0.0	463.72	0.65	1719.65	464	1252.65	931.38	1781.71	586.73	0.0	0.044	0.022	0.009	0.004	0.001	0.000
1991-10-09	Perennial Ryegrass	16.2	-1	0	2200.0	0.0	1734.2	0.0	465.16	0.66	1734.17	466	1262.36	937.63	1796.61	584.74	0.0	0.044	0.022	0.009	0.004	0.001	0.000
1991-10-10	Perennial Ryegrass	16.2	-1	0	2210.6	0.0	1742.1	0.0	467.90	0.66	1742.07	469	1268.88	941.76	1808.82	586.73	0.0	0.044	0.022	0.009	0.004	0.001	0.000
1991-10-11	Perennial Ryegrass	16.2	-1	0	2227.5	0.0	1756.4	0.0	470.45	0.67	1756.39	471	1278.95	948.56	1824.22	582.96	0.0	0.044	0.022	0.009	0.004	0.001	0.000
1991-10-12	Perennial Ryegrass	16.2	-1	0	2238.5	0.0	1763.5	0.0	474.32	0.68	1763.53	475	1285.54	952.98	1836.89	584.84	0.0	0.044	0.022	0.009	0.004	0.001	0.000
1991-10-13	Perennial Ryegrass	16.2	-1	0	2250.8	0.0	1770.7	0.0	479.45	0.69	1770.68	480	1292.78	958.03	1849.19	586.86	0.0	0.043	0.022	0.009	0.004	0.001	0.000
1991-10-14	Perennial Ryegrass	16.2	-1	0	2262.6	0.0	1777.0	0.0	484.93	0.70	1777.00	486	1299.64	962.99	1861.20	588.51	0.0	0.043	0.022	0.009	0.004	0.001	0.000
1991-10-15	Perennial Ryegrass	16.2	-1	0	2273.7	0.0	1782.4	0.0	490.58	0.71	1782.43	491	1305.99	967.73	1872.50	589.76	0.0	0.043	0.022	0.009	0.004	0.001	0.000
1991-10-16	Perennial Ryegrass	16.2	-1	0	2284.5	0.0	1787.1	0.0	496.70	0.73	1787.11	497	1312.10	972.44	1883.49	590.76	0.0	0.043	0.022	0.010	0.004	0.001	0.000
1991-10-17	Perennial Ryegrass	16.2	-1	0	2289.9	0.0	1790.2	0.0	498.94	0.74	1790.21	500	1315.17	974.73	1889.20	590.49	0.0	0.043	0.022	0.010	0.004	0.001	0.000
1991-10-18	Perennial Ryegrass	16.2	-1	0	2296.6	0.0	1793.2	0.0	502.72	0.75	1793.17	503	1318.95	977.68	1895.97	590.48	0.0	0.043	0.022	0.010	0.004	0.001	0.000
1991-10-19	Perennial Ryegrass	16.2	-1	0	2304.5	0.0	1795.9	0.0	507.84	0.76	1795.89	509	1323.30	981.18	1903.87	590.61	0.0	0.043	0.022	0.010	0.004	0.001	0.000
1991-10-20	Perennial Ryegrass	16.2	-1	0	2313.0	0.0	1797.6	0.0	514.55	0.77	1797.63	515	1327.93	985.03	1912.57	590.75	0.0	0.043	0.022	0.010	0.004	0.001	0.000
1991-10-21	Perennial Ryegrass	16.2	-1	0	2320.4	0.0	1794.6	0.0	523.78	2.01	1794.58	526	1331.95	988.42	1921.05	590.57	0.0	0.043	0.022	0.010	0.004	0.001	0.000
1991-10-22	Perennial Ryegrass	16.2	-1	0	2328.1	0.0	1796.0	0.0	531.29	0.80	1796.02	532	1336.21	991.92	1927.80	590.49	0.0	0.042	0.022	0.010	0.004	0.001	0.000
1991-10-23	Perennial Ryegrass	16.2	-1	0	2337.4	0.0	1796.7	0.0	539.84	0.82	1796.70	541	1341.05	996.31	1937.21	590.36	0.0	0.042	0.022	0.010	0.004	0.001	0.000
1991-10-24	Perennial Ryegrass	16.2	-1	0	2346.3	0.0	1797.0	0.0	531.90	17.42	1797.02	549	1345.70	1000.63	1946.27	590.11	0.0	0.042	0.022	0.010	0.004	0.001	0.000
1991-10-25	Perennial Ryegrass	16.2	-1	0	2339.8	0.0	1798.2	0.0	527.91	13.68	1798.21	542	1343.55	996.25	1939.54	589.91	0.0	0.042	0.022	0.010	0.004	0.001	0.000
1991-10-26	Perennial Ryegrass	16.2	-1	0	2337.0	0.0	1801.6	0.0	528.90	6.54	1801.58	535	1342.98	994.03	1936.27	589.66	0.0	0.042	0.022	0.010	0.004	0.001	0.000
1991-10-27	Perennial Ryegrass	16.2	-1	0	2341.5	0.0	1805.0	0.0	535.74	0.83	1804.97	537	1345.61	995.94	1940.79	589.40	0.0	0.042	0.022	0.010	0.004	0.001	0.000
1991-10-28	Perennial Ryegrass	16.2	-1	0	2350.5	0.0	1807.7	0.0	541.67	1.18	1807.70	543	1350.15	1000.40	1949.95	588.97	0.0	0.042	0.022	0.010	0.004	0.001	0.000
1991-10-29	Perennial Ryegrass	16.2	-1	0	2360.9	0.0	1808.3	0.0	551.69	0.86	1808.33	553	1355.33	1005.55	1960.73	588.68	0.0	0.042	0.022	0.010	0.004	0.001	0.000
1991-10-30	Perennial Ryegrass	16.2	-1	0	2371.2	0.0	1805.1	0.0	552.53	13.58	1805.12	566	1360.48	1010.75	1971.94	588.28	0.0	0.042	0.022	0.010	0.004	0.001	0.000
1991-10-31	Perennial Ryegrass	16.2	-1	0	2372.4	0.0	1804.3	0.0	566.13	1.92	1804.33	568	1361.35	1011.03	1972.56	588.14	0.0	0.042	0.022	0.010	0.004	0.001	0.000
1991-11-01	Perennial Ryegrass	16.2	-1	0	2380.7	0.0	1806.5	0.0	573.23	0.91	1806.52	574	1365.44	1015.22	1980.17	587.54	0.0	0.042	0.022	0.010	0.004	0.001	0.000
1991-11-02	Perennial Ryegrass	16.2	-1	0	2391.5	0.0	1806.1	0.0	584.52	0.92	1806.07	585	1370.75	1020.75	1991.60	587.07	0.0	0.042	0.022	0.010	0.004	0.001	0.000
1991-11-03	Perennial Ryegrass	16.2	-1	0	2403.7	0.0	1802.4	0.0	574.61	26.73	1802.37	601	1376.71	1027.01	2004.53	586.67	0.0	0.042	0.022	0.010	0.004	0.001	0.000
1991-11-04	Perennial Ryegrass	16.2	-1	0	2396.7	0.0	1805.0	0.0	587.94	3.78	1804.97	592	1373.10	1023.60	1996.11	586.77	0.0	0.042	0.022	0.010	0.004	0.001	0.000
1991-11-05	Perennial Ryegrass	16.2	-1	0	2409.0	0.0	1805.7	0.0	601.97	1.33	1805.66	603	1379.01	1029.94	2008.80	586.52	0.0	0.042	0.022	0.010	0.004	0.001	0.000
1991-11-06	Perennial Ryegrass	16.2	-1	0	2421.9	0.0	1805.3	0.0	615.63	0.98	1805.29	617	1385.26	1036.63	2021.97	586.09	0.0	0.042	0.022	0.010	0.004	0.001	0.000
1991-11-07	Perennial Ryegrass	16.2	-1	0	2435.8	0.0	1802.3	0.0	632.46	1.00	1802.29	633	1391.94	1043.82	2036.42	585.68	0.0	0.042	0.022	0.010	0.004	0.001	0.000
1991-11-08	Perennial Ryegrass	16.2	-1	0	2445.6	0.0	1802.0	0.0	642.48	1.04	1802.04	644	1396.64	1048.91	2045.61	584.96	0.0	0.042	0.022	0.010	0.004	0.001	0.000
1991-11-09	Perennial Ryegrass	16.2	-1	0	2454.0	0.0	1800.9	0.0	652.03	1.05	1800.89	653	1400.67	1053.30	2054.23	584.14	0.0	0.042	0.022	0.010	0.004	0.001	0.000
1991-11-10	Perennial Ryegrass	16.2	-1	0	2461.1	0.0	1799.1	0.0	660.95	1.07	1799.08	662	1404.07	1057.04	2061.51	583.24	0.0	0.042	0.022	0.010	0.004	0.001	0.000
1991-11-11	Perennial Ryegrass	16.2	-1	0	2467.5	0.0	1796.5	0.0	669.89	1.09	1796.55	671	1407.12	1060.40	2068.08	582.30	0.0	0.042	0.022	0.010	0.004	0.001	0.000
1991-11-12	Perennial Ryegrass	16.2	-1	0	2474.2	0.0	1792.3	0.0	680.70	1.11	1792.35	682	1410.27	1063.88	2075.09	581.38	0.0	0.042	0.022	0.010	0.004	0.001	0.000
1991-11-13	Perennial Ryegrass	16.2	-1	0	2482.1	0.0	1784.8	0.0	696.10	1.12	1784.83	697	1414.03	1068.03	2083.74	580.54	0.0	0.042	0.022	0.010	0.004	0.001	0.000
1991-11-14	Perennial Ryegrass	16.2	-1	0	2488.9	0.0	1778.0	0.0	709.77	1.15	1777.96	711	1417.27	1071.62	2090.42	579.63	0.0	0.041	0.022	0.010	0.004	0.001	0.000
1991-11-15	Perennial Ryegrass	16.2	-1	0	2494.5	0.0	1768.6	0.0	724.65	1.18	1768.63	726	1419.90	1074.56	2096.56	578.61	0.0	0.041	0.022	0.010	0.004	0.001	0.000
1991-11-16	Perennial Ryegrass	16.2	-1	0	2499.8	0.0	1753.4	0.0	745.17	1.20	1753.44	746	1422.42	1077.40	2103.25	577.55	0.0	0.041	0.022	0.010	0.004	0.001	0.000
1991-11-17	Perennial Ryegrass	16.2	-1	0	2505.2	0.0	1744.8	0.0	759.14	1.24	1744.83	760	1424.96	1080.26	2107.18	576.49	0.0	0.041	0.022	0.010	0.004	0.001	0.000
1991-11-18	Perennial Ryegrass	16.2	-1	0	2508.3	0.0	1730.3	0.0	776.80	1.27	1730.27	778	1426.40	1081.94	2111.67	575.25	0.0	0.041	0.022	0.010	0.004	0.001	0.000
1991-11-19	Perennial Ryegrass	16.2	-1	0	2506.5	0.0	1706.0	0.0	795.65	4.81	1706.01	800	1425.35	1081.13	2112.08	573.57	0.0	0.041	0.022	0.010	0.004	0.001	0.000
1991-11-20	Perennial Ryegrass	16.2	-1	0	2502.0	0.0	1688.5	0.0	812.23	1.33	1688.47	814	1422.91	1079.12	2106.14	572.02	0.0	0.041	0.022	0.009	0.004	0.001	0.000
1991-11-21	Perennial Ryegrass	16.2	-1	0	2505.3	0.0	1677.5	0.0	826.47	1.36	1677.50	828	1424.44	1080.89	2107.93	570.78	0.0	0.041	0.022	0.009	0.004	0.001	0.000
1991-11-22	Perennial Ryegrass	16.2	-1	0	2507.1	0.0	1660.4	0.0	845.26	1.39	1660.44	847	1425.21	1081.88	2111.15	569.42	0.0	0.041	0.022	0.009	0.004	0.001	0.000
1991-11-23	Perennial Ryegrass	16.2	-1	0	2504.4	0.0	1636.5	0.0	866.54	1.42	1636.46	868	1423.48	1080.94	2110.20	567.52	0.0	0.040	0.022	0.009	0.004	0.001	0.000
1991-11-24	Perennial Ryegrass	16.2	-1	0	2498.2	0.0	1605.1	0.0	891.65	1.46	1605.12	893	1418.58	1079.64	2105.88	564.40	0.0	0.040	0.022	0.009	0.004	0.001	0.000
1991-11-25	Perennial Ryegrass	16.2	-1	0	2488.2	0.0	1568.7	0.0	917.99	1.50	1568.74	919	1410.30	1077.94	2097.30	559.97	0.0	0.040	0.022	0.009	0.004	0.001	0.000
1991-11-26	Perennial Ryegrass	16.2	-1	0	2481.6	0.0	1535.6	0.0	911.70	34.29	1535.59	946	1405.02	1076.55	2090.03	556.66	0.0	0.040	0.021	0.009	0.004	0.001	0.000
1991-11-27	Perennial Ryegrass	16.2	-1	0	2442.8	0.0	1511.1	0.0	930.15	1.54	1511.13	932	1382.09	1060.73	2049.19	553.58	0.0	0.039	0.021	0.009	0.004	0.001	0.000
1991-11-28	Perennial Ryegrass	16.2	-1	0	2439.4	0.0	1488.0	0.0	949.80	1.57	1488.02	951	1379.74	1059.65	2045.51	551.41	0.0	0.039	0.021	0.009	0.004	0.001	0.000
1991-11-29	Perennial Ryegrass	16.2	-1	0	2431.0	0.0	1459.8	0.0	968.31	2.87	1459.82	971	1372.94	1058.06	2038.58	547.48	0.0	0.039	0.021	0.009	0.004	0.001	0.000
1991-11-30	Perennial Ryegrass	16.2	-1	0	2428.4	0.0	0.0	1447.5	979.21	1.64	1447.51	981	1371.46	1056.89	2031.73	545.90	0.0	0.039	0.021	0.009	0.004	0.001	0.000
1991-12-01	Perennial Ryegrass	14.8	-1	0	2428.4	0.0	0.0	1303.3	1123.49	1.65	1303.29	1125	1371.81	1056.63	2068.29	545.24	0.0	0.039	0.021	0.009	0.004	0.001	0.000
1991-12-02	Perennial Ryegrass	15.4	-1	0	2428.1	0.0	0.0	1137.2	1288.94	1.95	1137.24	1291	1371.90	1056.23	2079.10	544.38	0.0	0.039	0.021	0.009	0.004	0.001	0.000
1991-12-03	Perennial Ryegrass	15.7	-1	0	2427.4	0.0	0.0	999.7	1419.20	8.51	999.68	1428	1371.67	1055.73	2075.78	543.40	0.0	0.039	0.021	0.009	0.004	0.001	0.000
1991-12-04	Perennial Ryegrass	15.9	-1	0	2420.3	0.0	0.0	885.1	1532.70	2.57	885.08	1535	1367.43	1052.92	2066.20	542.45	0.0	0.038	0.021	0.009	0.004	0.001	0.000
1991-12-05	Perennial Ryegrass	15.7	-1	0	2418.9	0.0	0.0	797.3	1618.84	2.81	797.25	1622	1366.64	1052.26	2058.60	541.36	0.0	0.038	0.021	0.009	0.004	0.001	0.000
1991-12-06	Perennial Ryegrass	15.7	-1	0	2417.2	0.0	0.0	715.5	1698.72	2.99	715.46	1702	1365.63	1051.54	2058.20	540.23	0.0	0.038	0.021	0.009	0.004	0.001	0.000
1991-12-07	Perennial Ryegrass	16.4	-1	0	2415.1	0.0	0.0	618.2	1793.83	3.15	618.16	1797	1364.41	1050.74	2069.55	539.02	0.0	0.038	0.021	0.009	0.004	0.001	0.000
1991-12-08	Perennial Ryegrass	17.3	-1	0	2412.4	0.0	0.0	523.7	1885.44	3.35	523.65	1889	1362.68	1049.76	2073.60	537.64	0.0	0.038	0.021	0.009	0.004	0.001	0.000
1991-12-09	Perennial Ryegrass	18.1	-1	0	2409.2	0.0	0.0	445.0	1960.66	3.54	444.99	1964	1360.56	1048.63	2069.28	536.14	0.0	0.038	0.020	0.009	0.004	0.001	0.000
1991-12-10	Perennial Ryegrass	18.9	-1	0	2405.9	0.0	0.0	374.1	1885.61	146.27	374.06	2032	1358.42	1047.52	2069.69	534.63	0.0	0.038	0.020	0.009	0.004	0.001	0.000
1991-12-11	Perennial Ryegrass	17.7	-1	0	2262.2	0.0	0.0	347.8	1910.86	3.54	347.78	1914	1257.95	1004.23	1914.40	533.37	0.0	0.038	0.020	0.009	0.004	0.001	0.000
1991-12-12	Perennial Ryegrass	16.7	-1	0	2260.9	0.0	0.0	324.9	1857.82	78.09	324.95	1936	1257.23	1003.63	1935.92	532.11	0.0	0.038	0.020	0.009	0.004	0.001	0.000
1991-12-13	Perennial Ryegrass	16.1	-1	0	2184.8	0.0	0.0	300.6	1784.63	99.57	300.60	1884	1204.44	980.35	1884.20	530.84	0.0	0.037	0.020	0.009	0.004	0.001	0.000
1991-12-14	Perennial Ryegrass	16.3	-1	0	2087.0	0.0	0.0	270.1	1813.63	3.33	270.06	1817	1136.95	950.07	1816.96	529.53	0.0	0.037	0.020	0.009	0.004	0.001	0.000
1991-12-15	Perennial Ryegrass	17.0	-1	0	2085.1	0.0	0.0	237.0	1844.72	3.39	237.03	1848	1135.86	949.27	1848.11	528.16	0.0	0.037	0.020	0.009	0.004	0.001	0.000
1991-12-16	Perennial Ryegrass	16.7	-1	0	2082.9	0.0	0.0	216.3	1863.13	3.46	216.28	1867	1134.50	948.37	1866.59	526.76	0.0	0.037	0.020	0.009	0.004	0.001	0.000
1991-12-17	Perennial Ryegrass	16.1	-1	0	2080.3	0.0	0.0	201.2	1872.83	6.27	201.24	1879	1132.92	947.42	1879.09	525.37	0.0	0.037	0.020	0.009	0.004	0.001	0.000
1991-12-18	Perennial Ryegrass	15.2	-1	0	2074.8	0.0	0.0	190.9	1836.87	47.03	190.94	1884	1129.27	945.57	1883.91	524.00	0.0	0.037	0.020	0.009	0.004	0.001	0.000
1991-12-19	Perennial Ryegrass	14.8	-1	0	2028.5	0.0	0.0	177.9	1847.12	3.44	177.93	1851	1097.24	931.26	1850.56	522.63	0.0	0.037	0.020	0.009	0.004	0.001	0.000
1991-12-20	Perennial Ryegrass	14.8	-1	0	2029.1	0.0	6.9	159.7	1858.96	3.46	166.63	1862	1097.67	931.38	1862.42	507.71	0.0	0.036	0.019	0.009	0.003	0.001	0.000
1991-12-21	Perennial Ryegrass	14.8	-1	0	2029.3	0.0	13.5	142.1	1858.20	15.51	155.63	1874	1096.92	932.42	1873.70	495.16	0.0	0.035	0.019	0.008	0.003	0.001	0.000
1991-12-22	Perennial Ryegrass	14.8	-1	0	2017.6	0.0	20.0	125.7	1868.37	3.49	145.73	1872	1088.30	929.29	1871.86	485.23	0.0	0.034	0.019	0.008	0.003	0.001	0.000
1991-12-23	Perennial Ryegrass	14.8	-1	0	2019.1	0.0	27.9	108.3	1879.41	3.51	136.22	1883	1089.04	930.10	1882.92	475.49	0.0	0.034	0.018	0.008	0.003	0.001	0.000
1991-12-24	Perennial Ryegrass	14.8	-1	0	2021.9	0.0	36.9	92.5	1888.93	3.54	129.41	1892	1090.70	931.18	1892.47	465.97	0.0	0.033	0.018	0.008	0.003	0.001	0.000
1991-12-25	Perennial Ryegrass	14.8	-1	0	2024.7	0.0	45.9	77.6	1897.59	3.56	123.56	1901	1092.47	932.23	1901.15	456.57	0.0	0.032	0.017	0.008	0.003	0.001	0.000
1991-12-26	Perennial Ryegrass	14.8	-1	0	2027.4	0.0	54.7	64.6	1904.50	3.58	119.36	1908	1094.29	933.14	1908.07	447.31	0.0	0.032	0.017	0.008	0.003	0.001	0.000
1991-12-27	Perennial Ryegrass	14.8	-1	0	2031.6	0.0	65.1	51.3	1899.31	15.95	116.31	1915	1097.13	934.44	1915.26	438.18	0.0	0.031	0.017	0.007	0.003	0.001	0.000
1991-12-28	Perennial Ryegrass	14.8	-1	0	2024.0	0.0	75.4	43.4	1901.58	3.58	118.79	1905	1091.90	932.05	1905.16	430.69	0.0	0.030	0.016	0.007	0.003	0.001	0.000
1991-12-29	Perennial Ryegrass	14.8	-1	0	2028.7	0.0	85.4	38.2	1901.47	3.59	123.64	1905	1095.35	933.35	1905.05	423.53	0.0	0.030	0.016	0.007	0.003	0.001	0.000
1991-12-30	Perennial Ryegrass	14.8	-1	0	2033.3	0.0	95.2	34.3	1900.22	3.59	129.46	1904	1098.71	934.55	1903.81	415.85	0.0	0.029	0.016	0.007	0.003	0.001	0.000
1991-12-31	Perennial Ryegrass	14.8	-1	0	2037.9	0.0	105.0	30.3	1764.13	138.47	135.35	1903	1102.16	935.79	1902.60	408.92	0.0	0.029	0.016	0.007	0.003	0.001	0.000
1992-01-01	Perennial Ryegrass	14.8	-1	0	1917.1	0.0	124.2	25.6	1763.95	3.30	149.85	1767	1018.03	899.06	1767.24	401.40	0.0	0.028	0.015	0.007	0.003	0.001	0.000
1992-01-02	Perennial Ryegrass	14.8	-1	0	1927.6	0.0	139.5	22.0	1762.84	3.30	161.49	1766	1025.76	901.87	1766.14	396.11	0.0	0.028	0.015	0.007	0.003	0.001	0.000
1992-01-03	Perennial Ryegrass	14.8	-1	0	1936.8	0.0	153.4	18.5	1744.36	20.51	171.96	1765	1032.62	904.22	1764.88	390.17	0.0	0.027	0.015	0.007	0.003	0.001	0.000
1992-01-04	Perennial Ryegrass	14.8	-1	0	1928.5	0.0	166.8	16.4	1692.27	52.92	183.29	1745	1027.39	901.08	1745.18	385.77	0.0	0.027	0.015	0.007	0.003	0.001	0.000
1992-01-05	Perennial Ryegrass	14.8	-1	0	1889.0	0.0	181.5	14.7	1632.85	59.96	196.20	1693	1000.85	888.16	1692.81	380.92	0.0	0.027	0.015	0.006	0.003	0.001	0.000
1992-01-06	Perennial Ryegrass	14.8	-1	0	1844.7	0.0	198.3	13.0	1630.37	3.02	211.27	1633	971.32	873.34	1633.39	377.88	0.0	0.027	0.014	0.006	0.003	0.001	0.000
1992-01-07	Perennial Ryegrass	14.8	-1	0	1855.0	0.0	212.7	11.4	1627.75	3.02	224.18	1631	979.04	875.91	1630.77	374.30	0.0	0.026	0.014	0.006	0.003	0.001	0.000
1992-01-08	Perennial Ryegrass	14.8	-1	0	1864.2	0.0	226.1	10.1	1552.95	75.05	236.17	1628	985.98	878.19	1627.99	371.62	0.0	0.026	0.014	0.006	0.003	0.001	0.000
1992-01-09	Perennial Ryegrass	14.8	-1	0	1804.0	0.0	242.0	9.1	1445.53	107.34	251.09	1553	946.05	857.91	1552.87	368.62	0.0	0.026	0.014	0.006	0.002	0.001	0.000
1992-01-10	Perennial Ryegrass	14.8	-1	0	1724.4	0.0	270.7	8.2	1410.94	34.52	278.95	1445	894.39	830.02	1445.46	364.07	0.0	0.026	0.014	0.006	0.002	0.001	0.000
1992-01-11	Perennial Ryegrass	14.8	-1	0	1707.1	0.0	288.9	7.3	1408.41	2.57	296.14	1411	884.08	823.04	1410.98	361.68	0.0	0.025	0.014	0.006	0.002	0.001	0.000
1992-01-12	Perennial Ryegrass	14.8	-1	0	1718.5	0.0	303.8	6.3	1405.95	2.56	310.01	1409	892.62	825.90	1408.51	359.65	0.0	0.025	0.014	0.006	0.002	0.001	0.000
1992-01-13	Perennial Ryegrass	14.8	-1	0	1729.0	0.0	317.7	5.4	1403.37	2.56	323.06	1406	900.48	828.51	1405.93	358.15	0.0	0.025	0.014	0.006	0.002	0.001	0.000
1992-01-14	Perennial Ryegrass	14.8	-1	0	1738.9	0.0	331.1	4.5	1400.76	2.55	335.57	1403	907.94	830.95	1403.31	355.99	0.0	0.025	0.014	0.006	0.002	0.001	0.000
1992-01-15	Perennial Ryegrass	14.8	-1	0	1748.7	0.0	344.3	3.8	1398.02	2.55	348.16	1401	915.35	833.38	1400.56	354.27	0.0	0.025	0.014	0.006	0.002	0.001	0.000
1992-01-16	Perennial Ryegrass	14.8	-1	0	1758.5	0.0	357.5	3.2	1395.17	2.54	360.79	1398	922.70	835.79	1397.71	352.95	0.0	0.025	0.014	0.006	0.002	0.001	0.000
1992-01-17	Perennial Ryegrass	14.8	-1	0	1767.5	0.0	370.0	2.8	1392.22	2.53	372.79	1395	929.54	838.01	1394.76	351.57	0.0	0.025	0.014	0.006	0.002	0.001	0.000
1992-01-18	Perennial Ryegrass	14.8	-1	0	1775.8	0.0	381.6	2.4	1389.22	2.53	384.06	1392	935.80	840.01	1391.75	349.93	0.0	0.025	0.013	0.006	0.002	0.001	0.000
1992-01-19	Perennial Ryegrass	14.8	-1	0	1783.9	0.0	393.1	2.0	1386.24	2.52	395.16	1389	941.95	841.98	1388.76	348.28	0.0	0.024	0.013	0.006	0.002	0.001	0.000
1992-01-20	Perennial Ryegrass	14.8	-1	0	1792.4	0.0	405.0	1.6	1383.26	2.52	406.66	1386	948.38	844.06	1385.77	346.06	0.0	0.024	0.013	0.006	0.002	0.001	0.000
1992-01-21	Perennial Ryegrass	14.8	-1	0	1801.1	0.0	417.1	1.3	1379.26	3.51	418.35	1383	954.93	846.19	1389.62	342.98	0.0	0.024	0.013	0.006	0.002	0.001	0.000
1992-01-22	Perennial Ryegrass	14.8	-1	0	1809.2	0.0	429.5	1.0	1295.34	83.38	430.45	1379	961.08	848.08	1397.60	339.85	0.0	0.023	0.013	0.006	0.002	0.001	0.000
1992-01-23	Perennial Ryegrass	14.8	-1	0	1745.9	0.0	450.3	0.8	1291.51	3.26	451.08	1295	921.36	824.49	1326.68	338.60	0.0	0.023	0.013	0.006	0.002	0.001	0.000
1992-01-24	Perennial Ryegrass	14.8	-1	0	1757.5	0.0	465.9	0.7	1200.71	90.13	466.63	1291	930.06	827.42	1343.69	336.50	0.0	0.023	0.013	0.006	0.002	0.001	0.000
1992-01-25	Perennial Ryegrass	14.8	-1	0	1715.8	0.0	515.1	0.6	1197.97	2.14	515.65	1200	907.12	808.65	1273.74	340.56	0.0	0.023	0.013	0.006	0.002	0.001	0.000
1992-01-26	Perennial Ryegrass	14.8	-1	0	1737.5	0.0	539.6	0.5	1195.21	2.13	540.13	1197	922.84	814.64	1318.49	342.19	0.0	0.024	0.013	0.006	0.002	0.001	0.000
1992-01-27	Perennial Ryegrass	14.8	-1	0	1754.7	0.0	559.6	0.4	1192.47	2.13	560.06	1195	935.39	819.27	1339.90	343.37	0.0	0.024	0.013	0.006	0.002	0.001	0.000
1992-01-28	Perennial Ryegrass	14.8	-1	0	1769.6	0.0	577.4	0.4	1189.72	2.12	577.76	1192	946.35	823.25	1356.96	344.26	0.0	0.024	0.013	0.006	0.002	0.001	0.000
1992-01-29	Perennial Ryegrass	14.8	-1	0	1782.1	0.0	592.7	0.3	1186.96	2.12	593.06	1189	955.59	826.55	1371.54	344.90	0.0	0.024	0.014	0.006	0.002	0.001	0.000
1992-01-30	Perennial Ryegrass	14.8	-1	0	1794.2	0.0	607.6	0.3	1184.20	2.11	607.87	1186	964.47	829.71	1384.19	344.76	0.0	0.024	0.014	0.006	0.002	0.001	0.000
1992-01-31	Perennial Ryegrass	14.8	-1	0	1807.0	0.0	623.2	0.2	1143.92	39.65	623.41	1184	973.88	833.09	1396.75	345.00	0.0	0.024	0.014	0.006	0.002	0.001	0.000
1992-02-01	Perennial Ryegrass	14.8	-1	0	1785.6	0.0	642.1	0.2	1141.27	2.02	642.29	1143	962.20	823.39	1373.48	346.01	0.0	0.024	0.014	0.006	0.002	0.001	0.000
1992-02-02	Perennial Ryegrass	14.8	-1	0	1802.0	0.0	661.1	0.2	1138.63	2.02	661.31	1141	974.11	827.85	1390.12	346.96	0.0	0.024	0.014	0.006	0.002	0.001	0.000
1992-02-03	Perennial Ryegrass	14.8	-1	0	1817.1	0.0	679.0	0.1	1135.99	2.01	679.14	1138	985.18	831.96	1406.36	347.83	0.0	0.024	0.014	0.006	0.002	0.001	0.000
