SimulationName Clock.Today FodderBeet.Summariser.LiveDM FodderBeet.Leaf.LiveWt FodderBeet.Petiole.LiveWt FodderBeet.Bulb.LiveWt FodderBeet.TotalDead.Wt FoddeBeet.LeafLAI
() () (g/m2) (g/m2) (g/m2) (g/m2) (g/m2) (m2/m2)
ABlockN0 2012-01-17 259.1 141.9 47.4 68.9 0.8 1.62
ABlockN0 2012-02-20 1003 167.4 139.5 679.2 16.9 2.54
ABlockN0 2012-03-26 1848.5 148.4 132.7 1512.6 54.8 2.73
ABlockN0 2012-04-30 2055.8 96.8 79.1 1763.3 116.7 1.6
ABlockN0 2012-06-06 1957.7 46.2 38.5 1740.2 132.7 0.69
ABlockN25 2012-01-17 328.6 148.6 62.9 115.5 1.6 1.83
ABlockN25 2012-02-20 1232.3 190.7 142.2 884.8 14.7 2.85
ABlockN25 2012-03-26 2140.8 183.5 168.6 1719.8 68.8 3.14
ABlockN25 2012-04-30 2090.6 110.3 113.5 1726.2 140.6 1.91
ABlockN25 2012-06-06 2178.4 64.4 59 1878.9 176.1 1
ABlockN50 2012-01-17 194.2 97.5 43.9 52.7 * 1.44
ABlockN50 2012-02-20 1262.1 195.1 145.7 908.5 12.8 3.02
ABlockN50 2012-03-26 1825.7 131.9 148.5 1491.6 53.7 2.34
ABlockN50 2012-04-30 2473.5 127.4 138.4 2064.9 142.7 1.96
ABlockN50 2012-06-06 2273.3 62.2 60.4 1944.2 206.4 0.98
ABlockN100 2012-01-17 293.4 123.5 55 112.7 2.2 1.92
ABlockN100 2012-02-20 1454.3 256.1 209.1 967.6 21.5 4.11
ABlockN100 2012-03-26 2480.1 221.3 220.9 1973.6 64.3 4.01
ABlockN100 2012-04-30 2582 144.5 161.9 2100.8 174.8 2.64
ABlockN100 2012-06-06 2468.5 54.4 48.2 2135.5 230.3 0.84
ABlockN200 2012-01-17 270.4 117.8 54.9 97.7 * 1.66
ABlockN200 2012-02-20 1779.4 286.4 261.2 1212.4 19.5 4.6
ABlockN200 2012-03-26 2551.8 234.9 229.7 2032.9 54.4 4.67
ABlockN200 2012-04-30 2902.6 161.7 203.5 2397.7 139.7 2.94
ABlockN200 2012-06-06 2721.6 83.7 123.6 2225.9 288.4 1.43
ABlockRainfed 2013-01-20 540.8 140.1 76.7 298 26 1.99
ABlockRainfed 2013-02-18 1475.7 228.8 155.3 1039.1 52.5 3.07
ABlockRainfed 2013-03-18 1785.6 155.7 109 1396.6 124.2 2.51
ABlockRainfed 2013-04-15 2203.7 186 111.4 1724.7 181.6 2.73
ABlockRainfed 2013-05-15 2430.7 143.2 102.3 1926.7 258.6 2.21
ABlockFull_irr 2013-01-20 885.2 249.7 168.6 445.9 21.1 3.95
ABlockFull_irr 2013-02-18 1938 267 292.1 1303.7 75.2 4.78
ABlockFull_irr 2013-03-18 2542.3 205.6 217.7 1963.1 156 3.64
ABlockFull_irr 2013-04-15 2570.7 179.3 181.2 2007.9 202.3 3.39
ABlockFull_irr 2013-05-15 2844.7 159.1 179.6 2261.1 245 2.79
Ablock_3wkly_ET 2013-01-20 781.2 213.8 135.4 411.2 20.8 3.36
Ablock_3wkly_ET 2013-02-18 1713.6 237.9 195.5 1198.8 81.3 3.6
Ablock_3wkly_ET 2013-03-18 2258.9 215.3 174.8 1705.9 163 3.85
Ablock_3wkly_ET 2013-04-15 2454.3 167.3 133.6 1932.2 221.3 2.6
Ablock_3wkly_ET 2013-05-15 2724.8 109.9 102.9 2259.5 252.6 2.11
Ablock_1wkly_ET 2013-01-20 763.1 207.8 131.5 398.9 24.8 3.35
Ablock_1wkly_ET 2013-02-18 1580.5 220.1 227.2 1045.4 87.8 3.45
Ablock_1wkly_ET 2013-03-18 2311.1 190 185.4 1804.2 131.6 2.93
Ablock_1wkly_ET 2013-04-15 2348.4 126 123.3 1885 214 2.13
Ablock_1wkly_ET 2013-05-15 2390.3 104 84.3 1973.5 228.6 1.78
AshDeneN0_nil 2013-12-18 33 21.3 7 4.7 * 0.37
AshDeneN0_nil 2014-01-17 512.1 112.2 84.5 286 29.4 1.55
AshDeneN0_nil 2014-02-18 750.3 85.3 54.9 559.6 50.5 1.02
AshDeneN0_nil 2014-03-14 1081 98.8 62.5 797.8 121.8 1.34
AshDeneN0_nil 2014-04-14 1367.5 115.7 82.6 1114.6 54.6 1.93
AshDeneN0_nil 2014-05-20 1372 76.4 61.5 1123.6 110.5 1.25
AshDeneLow_MedN_nil 2013-12-18 34.4 22 8 4.4 * 0.41
AshDeneLow_MedN_nil 2014-01-17 512.1 144.3 103.9 237.6 26.3 1.81
AshDeneLow_MedN_nil 2014-02-18 625.5 73.6 35.6 451.1 65.2 0.81
AshDeneLow_MedN_nil 2014-03-14 874.4 92.9 56.2 624.2 101.1 1.1
AshDeneLow_MedN_nil 2014-04-14 1464.5 150 109 1154.9 50.6 2.55
AshDeneLow_MedN_nil 2014-05-20 1487.2 105.4 106.4 1156.9 118.6 1.7
AshDeneMedN_nil 2013-12-18 29.2 20.1 5 4.1 * 0.31
AshDeneMedN_nil 2014-01-17 495.3 127.3 98.7 239.2 30.1 1.61
AshDeneMedN_nil 2014-02-18 699.8 103.9 69.9 449.5 76.5 1.18
AshDeneMedN_nil 2014-03-14 916.2 107.9 76.1 632 100.2 1.62
AshDeneMedN_nil 2014-04-14 1272.9 176.2 148.9 904.8 43 3.28
AshDeneMedN_nil 2014-05-20 1579.9 122.9 131.5 1197 128.5 2.32
AshDeneOptimumN_nil 2013-12-18 33.9 22.2 6.8 5 * 0.4
AshDeneOptimumN_nil 2014-01-17 544.2 120 103.5 287.4 33.4 1.73
AshDeneOptimumN_nil 2014-02-18 651.1 94.5 69.8 411 75.9 1.11
AshDeneOptimumN_nil 2014-03-14 903.7 115.8 77.3 585.1 125.6 1.52
AshDeneOptimumN_nil 2014-04-14 1401.3 194.8 174.2 987.3 45 3.66
AshDeneOptimumN_nil 2014-05-20 1846.6 198.8 185.5 1369.4 92.9 3.25
AshDeneN0_Full 2013-12-18 38.3 24.8 8.4 5.1 * 0.47
AshDeneN0_Full 2014-01-17 613.1 131.5 109.7 344.4 27.5 1.96
AshDeneN0_Full 2014-02-18 1410.4 152.4 116.2 1066.8 75 2.11
AshDeneN0_Full 2014-03-14 1891.7 157.9 186.4 1466.7 80.7 2.6
AshDeneN0_Full 2014-04-14 2317.1 151.8 160.7 1906.8 97.8 2.3
AshDeneN0_Full 2014-05-20 2359 103.4 93.9 2013.9 147.9 1.7
AshDeneLow_MedN_Full 2013-12-18 35.2 20.7 10.5 3.9 * 0.37
AshDeneLow_MedN_Full 2014-01-17 636.5 176.3 125.5 319.1 15.5 2.56
AshDeneLow_MedN_Full 2014-02-18 1508.1 181.1 172.9 1118.1 35.9 2.98
AshDeneLow_MedN_Full 2014-03-14 1939.4 115.5 152.6 1609.8 61.4 2.01
AshDeneLow_MedN_Full 2014-04-14 2441 156 192.8 2000.2 92 2.61
AshDeneLow_MedN_Full 2014-05-20 2604 120.9 120.1 2197.7 165.3 2.17
AshDeneMedN_Full 2013-12-18 43.4 28.4 8.8 6.2 * 0.51
AshDeneMedN_Full 2014-01-17 756.3 178 141.7 397.2 39.5 2.45
AshDeneMedN_Full 2014-02-18 1578.2 206.8 218 1110.5 42.9 3.54
AshDeneMedN_Full 2014-03-14 2257.9 195.2 244.2 1745.6 73 3.18
AshDeneMedN_Full 2014-04-14 2899.9 180.2 252 2286.1 181.6 3.08
AshDeneMedN_Full 2014-05-20 2762 125.2 186.4 2262.4 188 2.15
AshDeneOptimumN_Full 2013-12-18 44.8 27.9 8.8 8.1 * 0.49
AshDeneOptimumN_Full 2014-01-17 639 162.1 143.2 313 20.7 2.44
AshDeneOptimumN_Full 2014-02-18 1549.6 234.9 244.8 1033.7 36.2 3.9
AshDeneOptimumN_Full 2014-03-14 2193 238.1 292.8 1588.6 73.4 4.15
AshDeneOptimumN_Full 2014-04-14 2845.4 229.3 302.3 2189.8 124 3.91
AshDeneOptimumN_Full 2014-05-20 2791.1 139.1 207.1 2292.5 152.4 2.58
