SimulationName	Cultivar	Clock.Today	FodderBeet.AboveGround.Wt	FodderBeet.Leaf.Live.Wt	FodderBeet.Petiole.Live.Wt	FodderBeet.StorageRoot.Live.Wt	FodderBeet.TotalDead.Wt	FodderBeet.Leaf.LAI	FodderBeet.Leaf.CoverGreen	FodderBeet.Structure.LeafTipsAppeared	FodderBeet.AboveGround.N	FodderBeet.Leaf.Live.N	FodderBeet.Petiole.Live.N	FodderBeet.StorageRoot.Live.N	FodderBeet.TotalDead.N	FodderBeet.Leaf.Live.Nconc	FodderBeet.Petiole.Live.Nconc	FodderBeet.StorageRoot.Live.Nconc	FodderBeet.TotalDead.Nconc
()	()	()	()	()	()	()	()	()	()	()	()	()	()	()	()	()	()	()	()
Lincoln2011Nit0	Rivage	2012-01-17	259.1	141.9	47.4	68.9	0.8	1.62	0.85	*	8.2	5.8	1.1	1.3	0.02	4.07	2.5	1.83	2.04
Lincoln2011Nit0	Rivage	2012-02-20	1003	167.4	139.5	679.2	16.9	2.54	0.89	*	11.7	4.6	1.5	5.5	0.14	2.77	1.06	0.83	0.82
Lincoln2011Nit0	Rivage	2012-03-26	1848.5	148.4	132.7	1512.6	54.8	2.73	0.9	*	15.8	4	1.4	9.9	0.42	2.72	1.09	0.66	0.77
Lincoln2011Nit0	Rivage	2012-04-30	2055.8	96.8	79.1	1763.3	116.7	1.6	0.89	*	17	2.9	1	11.9	1.15	3.13	1.31	0.69	0.98
Lincoln2011Nit0	Rivage	2012-06-06	1957.7	46.2	38.5	1740.2	132.7	0.69	0.88	*	14.2	1.5	0.6	10.9	1.23	3.26	1.56	0.63	0.9
Lincoln2011Nit50	Rivage	2012-01-17	328.6	148.6	62.9	115.5	1.6	1.83	0.86	*	10.9	6.4	2	2.5	0.04	4.32	3.18	2.23	2.24
Lincoln2011Nit50	Rivage	2012-02-20	1232.3	190.7	142.2	884.8	14.7	2.85	0.91	*	16.4	5.7	1.7	8.9	0.16	2.99	1.19	1	1.09
Lincoln2011Nit50	Rivage	2012-03-26	2140.8	183.5	168.6	1719.8	68.8	3.14	0.92	*	17.8	4.6	1.6	11.2	0.46	2.5	0.95	0.65	0.66
Lincoln2011Nit50	Rivage	2012-04-30	2090.6	110.3	113.5	1726.2	140.6	1.91	0.89	*	17.7	3.2	1.5	11.8	1.2	2.97	1.34	0.68	0.85
Lincoln2011Nit50	Rivage	2012-06-06	2178.4	64.4	59	1878.9	176.1	1	0.88	*	17.1	2	0.9	12.8	1.48	3.1	1.44	0.68	0.83
Lincoln2011Nit100	Rivage	2012-01-17	194.2	97.5	43.9	52.7	*	1.44	0.84	*	7	4.6	1.3	1.1	*	5.13	3.15	2.14	*
Lincoln2011Nit100	Rivage	2012-02-20	1262.1	195.1	145.7	908.5	12.8	3.02	0.92	*	16.7	6.3	1.7	8.5	0.13	3.19	1.16	0.94	1.02
Lincoln2011Nit100	Rivage	2012-03-26	1825.7	131.9	148.5	1491.6	53.7	2.34	0.93	*	18.2	3.6	1.6	12.5	0.42	2.78	1.08	0.83	0.8
Lincoln2011Nit100	Rivage	2012-04-30	2473.5	127.4	138.4	2064.9	142.7	1.96	0.91	*	21.3	3.7	1.8	14.5	1.2	2.94	1.3	0.71	0.83
Lincoln2011Nit100	Rivage	2012-06-06	2273.3	62.2	60.4	1944.2	206.4	0.98	0.9	*	17.6	2.1	1	12.5	2.16	3.3	1.56	0.64	1.03
Lincoln2011Nit200	Rivage	2012-01-17	293.4	123.5	55	112.7	2.2	1.92	0.91	*	10.3	5.7	1.9	2.6	0.04	4.65	3.5	2.34	1.67
Lincoln2011Nit200	Rivage	2012-02-20	1454.3	256.1	209.1	967.6	21.5	4.11	0.93	*	22.3	8.6	2.8	10.7	0.29	3.33	1.3	1.1	1.28
Lincoln2011Nit200	Rivage	2012-03-26	2480.1	221.3	220.9	1973.6	64.3	4.01	0.93	*	25.3	6.1	2.3	16.5	0.48	2.76	1.03	0.84	0.7
Lincoln2011Nit200	Rivage	2012-04-30	2582	144.5	161.9	2100.8	174.8	2.64	0.91	*	27.2	4.8	2.4	18	1.89	3.41	1.53	0.87	1.07
Lincoln2011Nit200	Rivage	2012-06-06	2468.5	54.4	48.2	2135.5	230.3	0.84	0.91	*	22.1	1.9	0.8	16.7	2.66	3.51	1.67	0.78	1.12
Lincoln2011Nit300	Rivage	2012-01-17	270.4	117.8	54.9	97.7	*	1.66	0.91	*	9.7	5.7	1.8	2.3	*	4.78	3.23	2.42	*
Lincoln2011Nit300	Rivage	2012-02-20	1779.4	286.4	261.2	1212.4	19.5	4.6	0.94	*	32.3	10.6	4.7	16.7	0.3	3.72	1.8	1.4	1.52
Lincoln2011Nit300	Rivage	2012-03-26	2551.8	234.9	229.7	2032.9	54.4	4.67	0.94	*	34.4	7.7	3.3	22.9	0.62	3.24	1.4	1.11	1.13
Lincoln2011Nit300	Rivage	2012-04-30	2902.6	161.7	203.5	2397.7	139.7	2.94	0.93	*	35.4	5.8	3.2	24.7	1.65	3.59	1.61	1.05	1.21
Lincoln2011Nit300	Rivage	2012-06-06	2721.6	83.7	123.6	2225.9	288.4	1.43	0.92	*	31.8	3.2	2.4	23	3.22	3.82	1.97	1.04	1.12
Lincoln2012IrrNil	Rivage	2013-01-20	540.8	140.1	76.7	298	26	1.99	0.885655834	*	11.7	5.4	1.6	4.2	0.4	3.9	2.1	1.4	1.5
Lincoln2012IrrNil	Rivage	2013-02-18	1475.7	228.8	155.3	1039.1	52.5	3.07	0.947878451	*	22.6	7.5	2.1	12.2	0.7	3.3	1.3	1.2	1.4
Lincoln2012IrrNil	Rivage	2013-03-18	1785.6	155.7	109	1396.6	124.2	2.51	0.88323298	*	22.5	4.9	1.3	15.2	1.2	3.1	1.2	1.1	1
Lincoln2012IrrNil	Rivage	2013-04-15	2203.7	186	111.4	1724.7	181.6	2.73	0.855142151	*	31.1	6.1	1.7	21.5	1.8	3.3	1.6	1.2	1
Lincoln2012IrrNil	Rivage	2013-05-15	2430.7	143.2	102.3	1926.7	258.6	2.21	0.818872088	*	35.9	5.2	2.2	25.1	3.4	3.7	2.3	1.3	1.3
Lincoln2012IrrFull	Rivage	2013-01-20	885.2	249.7	168.6	445.9	21.1	3.95	0.961736614	*	21.9	10.7	3.6	7.2	0.4	4.3	2.1	1.6	1.8
Lincoln2012IrrFull	Rivage	2013-02-18	1938	267	292.1	1303.7	75.2	4.78	0.963696236	*	29	9.7	3.6	14.6	1.2	3.6	1.2	1.1	1.5
Lincoln2012IrrFull	Rivage	2013-03-18	2542.3	205.6	217.7	1963.1	156	3.64	0.888609368	*	28.9	6.3	2.4	18.6	1.6	3.1	1.1	0.9	1
Lincoln2012IrrFull	Rivage	2013-04-15	2570.7	179.3	181.2	2007.9	202.3	3.39	0.850100981	*	34.6	6.2	2.7	23.3	2.3	3.5	1.5	1.1	1.2
Lincoln2012IrrFull	Rivage	2013-05-15	2844.7	159.1	179.6	2261.1	245	2.79	0.842003479	*	39.3	5.7	3.1	27.9	2.6	3.6	1.7	1.2	1.1
Lincoln2012Irr3wkET	Rivage	2013-01-20	781.2	213.8	135.4	411.2	20.8	3.36	0.942768395	*	19.8	9.5	3.2	6.8	0.4	4.4	2.3	1.7	1.7
Lincoln2012Irr3wkET	Rivage	2013-02-18	1713.6	237.9	195.5	1198.8	81.3	3.6	0.972953349	*	28.5	8.5	2.8	16.1	1.2	3.6	1.4	1.3	1.5
Lincoln2012Irr3wkET	Rivage	2013-03-18	2258.9	215.3	174.8	1705.9	163	3.85	0.892691718	*	29.3	6.6	2.1	18.8	1.7	3.1	1.2	1.1	1
Lincoln2012Irr3wkET	Rivage	2013-04-15	2454.3	167.3	133.6	1932.2	221.3	2.6	0.824051939	*	32	4.8	1.8	23.1	2.4	2.9	1.3	1.2	1.1
Lincoln2012Irr3wkET	Rivage	2013-05-15	2724.8	109.9	102.9	2259.5	252.6	2.11	0.814412886	*	38.7	3.9	2	29.8	3.1	3.5	1.9	1.3	1.2
Lincoln2012Irr1wkET	Rivage	2013-01-20	763.1	207.8	131.5	398.9	24.8	3.35	0.934460177	*	18.4	8.8	3	6.3	0.4	4.2	2.2	1.6	1.7
Lincoln2012Irr1wkET	Rivage	2013-02-18	1580.5	220.1	227.2	1045.4	87.8	3.45	0.963475667	*	25.6	7.3	2.8	14.3	1.1	3.4	1.3	1.4	1.2
Lincoln2012Irr1wkET	Rivage	2013-03-18	2311.1	190	185.4	1804.2	131.6	2.93	0.870416134	*	25.4	5.4	1.9	17	1.2	2.9	1	1	0.9
Lincoln2012Irr1wkET	Rivage	2013-04-15	2348.4	126	123.3	1885	214	2.13	0.817637746	*	30.2	4.3	1.7	21.8	2.5	3.4	1.4	1.2	1.2
Lincoln2012Irr1wkET	Rivage	2013-05-15	2390.3	104	84.3	1973.5	228.6	1.78	0.800778331	*	30.1	4	1.7	21.3	3.1	3.8	2.1	1.1	1.4
Ashley2013IrrNil_Nit0	Rivage	2013-12-18	33	21.3	7	4.7	*	0.37	0.32	*	1.42	1.04	0.26	0.12	*	4.94	3.86	2.8	*
Ashley2013IrrNil_Nit0	Rivage	2014-01-17	512.1	112.2	84.5	286	29.4	1.55	0.68	*	9.7	3.73	1.33	4.33	0.32	3.31	1.63	1.55	*
Ashley2013IrrNil_Nit0	Rivage	2014-02-18	750.3	85.3	54.9	559.6	50.5	1.02	0.43	*	10.68	2.68	0.87	6.59	0.54	3.46	1.83	1.19	*
Ashley2013IrrNil_Nit0	Rivage	2014-03-14	1081	98.8	62.5	797.8	121.8	1.34	0.58	*	15.89	3.69	1.06	9.98	1.16	3.72	1.71	1.26	*
Ashley2013IrrNil_Nit0	Rivage	2014-04-14	1367.5	115.7	82.6	1114.6	54.6	1.93	0.78	*	15.9	4.09	1.14	10.22	0.45	3.54	1.38	0.92	*
Ashley2013IrrNil_Nit0	Rivage	2014-05-20	1372	76.4	61.5	1123.6	110.5	1.25	0.8	*	16.76	2.79	1.23	11.24	1.5	3.67	2.02	1	*
Ashley2013IrrNil_Nit75	Rivage	2013-12-18	34.4	22	8	4.4	*	0.41	0.3	*	1.5	1.09	0.29	0.11	*	4.94	3.64	2.53	*
Ashley2013IrrNil_Nit75	Rivage	2014-01-17	512.1	144.3	103.9	237.6	26.3	1.81	0.64	*	12.39	5.7	2.05	4.26	0.39	3.98	2.02	1.79	*
Ashley2013IrrNil_Nit75	Rivage	2014-02-18	625.5	73.6	35.6	451.1	65.2	0.81	0.44	*	10.54	2.83	0.61	6.34	0.75	3.9	1.74	1.4	*
Ashley2013IrrNil_Nit75	Rivage	2014-03-14	874.4	92.9	56.2	624.2	101.1	1.1	0.64	*	15.08	3.77	1.09	9.11	1.11	4.16	1.95	1.46	*
Ashley2013IrrNil_Nit75	Rivage	2014-04-14	1464.5	150	109	1154.9	50.6	2.55	0.8	*	20.59	5.27	1.58	13.24	0.5	3.52	1.46	1.15	*
Ashley2013IrrNil_Nit75	Rivage	2014-05-20	1487.2	105.4	106.4	1156.9	118.6	1.7	0.82	*	23.38	3.65	1.87	15.97	1.89	3.5	1.77	1.39	*
Ashley2013IrrNil_Nit150	Rivage	2013-12-18	29.2	20.1	5	4.1	*	0.31	0.36	*	1.27	0.97	0.19	0.1	*	4.83	3.83	2.63	*
Ashley2013IrrNil_Nit150	Rivage	2014-01-17	495.3	127.3	98.7	239.2	30.1	1.61	0.68	*	11.74	4.92	2.09	4.25	0.47	3.92	2.13	1.78	*
Ashley2013IrrNil_Nit150	Rivage	2014-02-18	699.8	103.9	69.9	449.5	76.5	1.18	0.44	*	14	4.21	1.15	7.59	1.04	4.05	1.64	1.67	*
Ashley2013IrrNil_Nit150	Rivage	2014-03-14	916.2	107.9	76.1	632	100.2	1.62	0.68	*	19.05	4.85	1.89	10.97	1.34	4.51	2.45	1.76	*
Ashley2013IrrNil_Nit150	Rivage	2014-04-14	1272.9	176.2	148.9	904.8	43	3.28	0.89	*	21.16	6.54	2.61	11.53	0.48	3.72	1.74	1.29	*
Ashley2013IrrNil_Nit150	Rivage	2014-05-20	1579.9	122.9	131.5	1197	128.5	2.32	0.86	*	23.83	4.66	2.59	14.64	1.94	3.79	1.98	1.22	*
Ashley2013IrrNil_Nit300	Rivage	2013-12-18	33.9	22.2	6.8	5	*	0.4	0.36	*	1.45	1.06	0.26	0.13	*	4.79	3.8	2.58	*
Ashley2013IrrNil_Nit300	Rivage	2014-01-17	544.2	120	103.5	287.4	33.4	1.73	0.69	*	13.26	4.7	2.18	5.9	0.48	3.94	2.11	2.07	*
Ashley2013IrrNil_Nit300	Rivage	2014-02-18	651.1	94.5	69.8	411	75.9	1.11	0.44	*	14.82	4.45	1.43	7.69	1.25	4.74	2.01	1.89	*
Ashley2013IrrNil_Nit300	Rivage	2014-03-14	903.7	115.8	77.3	585.1	125.6	1.52	0.73	*	22.25	5.53	2.16	12.9	1.65	4.84	2.81	2.2	*
Ashley2013IrrNil_Nit300	Rivage	2014-04-14	1401.3	194.8	174.2	987.3	45	3.66	0.89	*	30.8	8.44	4.23	17.5	0.63	4.36	2.44	1.77	*
Ashley2013IrrNil_Nit300	Rivage	2014-05-20	1846.6	198.8	185.5	1369.4	92.9	3.25	0.81	*	39.7	8.04	5.1	24.82	1.74	4.09	2.77	1.82	*
Ashley2013IrrFull_Nit0	Rivage	2013-12-18	38.3	24.8	8.4	5.1	*	0.47	0.55	*	1.69	1.22	0.33	0.14	*	4.91	4.01	2.78	*
Ashley2013IrrFull_Nit0	Rivage	2014-01-17	613.1	131.5	109.7	344.4	27.5	1.96	0.75	*	13.04	4.68	1.85	6.02	0.49	3.47	1.6	1.75	*
Ashley2013IrrFull_Nit0	Rivage	2014-02-18	1410.4	152.4	116.2	1066.8	75	2.11	0.76	*	16.77	4.45	1.38	10.1	0.85	2.98	1.09	0.95	*
Ashley2013IrrFull_Nit0	Rivage	2014-03-14	1891.7	157.9	186.4	1466.7	80.7	2.6	0.76	*	18.93	5.11	1.96	11.33	0.53	3.33	1.07	0.79	*
Ashley2013IrrFull_Nit0	Rivage	2014-04-14	2317.1	151.8	160.7	1906.8	97.8	2.3	0.72	*	22.84	4.87	2.07	15	0.9	3.2	1.28	0.76	*
Ashley2013IrrFull_Nit0	Rivage	2014-05-20	2359	103.4	93.9	2013.9	147.9	1.7	0.75	*	20.28	3.52	1.56	13.48	1.72	3.54	1.82	0.66	*
Ashley2013IrrFull_Nit75	Rivage	2013-12-18	35.2	20.7	10.5	3.9	*	0.37	0.58	*	1.61	1.03	0.46	0.12	*	4.98	4.28	3.01	*
Ashley2013IrrFull_Nit75	Rivage	2014-01-17	636.5	176.3	125.5	319.1	15.5	2.56	0.82	*	13.82	6.34	2.42	4.82	0.25	3.59	1.97	1.61	*
Ashley2013IrrFull_Nit75	Rivage	2014-02-18	1508.1	181.1	172.9	1118.1	35.9	2.98	0.84	*	18.99	6.13	1.85	10.64	0.38	3.39	1.07	0.94	*
Ashley2013IrrFull_Nit75	Rivage	2014-03-14	1939.4	115.5	152.6	1609.8	61.4	2.01	0.78	*	19.62	4.13	1.79	13.09	0.6	3.47	1.1	0.81	*
Ashley2013IrrFull_Nit75	Rivage	2014-04-14	2441	156	192.8	2000.2	92	2.61	0.75	*	21.46	4.74	2.22	13.69	0.8	3.04	1.15	0.68	*
Ashley2013IrrFull_Nit75	Rivage	2014-05-20	2604	120.9	120.1	2197.7	165.3	2.17	0.76	*	26.21	4.43	2.12	17.65	2	3.66	1.79	0.81	*
Ashley2013IrrFull_Nit150	Rivage	2013-12-18	43.4	28.4	8.8	6.2	*	0.51	0.46	*	1.95	1.42	0.35	0.18	*	4.98	4.02	3.06	*
Ashley2013IrrFull_Nit150	Rivage	2014-01-17	756.3	178	141.7	397.2	39.5	2.45	0.87	*	16.48	6.68	2.31	6.93	0.57	3.71	1.64	1.72	*
Ashley2013IrrFull_Nit150	Rivage	2014-02-18	1578.2	206.8	218	1110.5	42.9	3.54	0.87	*	21.84	6.91	2.61	11.81	0.51	3.35	1.18	1.07	*
Ashley2013IrrFull_Nit150	Rivage	2014-03-14	2257.9	195.2	244.2	1745.6	73	3.18	0.83	*	24.49	6.19	2.98	14.76	0.57	3.16	1.23	0.85	*
Ashley2013IrrFull_Nit150	Rivage	2014-04-14	2899.9	180.2	252	2286.1	181.6	3.08	0.81	*	29.26	5.6	2.73	19.51	1.43	3.09	1.09	0.86	*
Ashley2013IrrFull_Nit150	Rivage	2014-05-20	2762	125.2	186.4	2262.4	188	2.15	0.83	*	27.01	4.58	3.1	17.45	1.88	3.66	1.67	0.77	*
Ashley2013IrrFull_Nit300	Rivage	2013-12-18	44.8	27.9	8.8	8.1	*	0.49	0.45	*	1.99	1.4	0.35	0.25	*	5.02	3.87	3.07	*
Ashley2013IrrFull_Nit300	Rivage	2014-01-17	639	162.1	143.2	313	20.7	2.44	0.87	*	15.76	6.31	3.16	5.86	0.42	4.02	2.27	1.88	*
Ashley2013IrrFull_Nit300	Rivage	2014-02-18	1549.6	234.9	244.8	1033.7	36.2	3.9	0.91	*	27.33	8.87	3.74	14.17	0.56	3.79	1.53	1.35	*
Ashley2013IrrFull_Nit300	Rivage	2014-03-14	2193	238.1	292.8	1588.6	73.4	4.15	0.88	*	33.94	8.43	3.96	20.66	0.89	3.54	1.33	1.29	*
Ashley2013IrrFull_Nit300	Rivage	2014-04-14	2845.4	229.3	302.3	2189.8	124	3.91	0.87	*	36.72	7.51	4.08	23.92	1.21	3.27	1.34	1.08	*
Ashley2013IrrFull_Nit300	Rivage	2014-05-20	2791.1	139.1	207.1	2292.5	152.4	2.58	0.88	*	37.55	5.31	3.75	26.57	1.93	3.83	1.8	1.15	*
